desc: I1 cache:         32768 B, 64 B, 32-way associative
desc: D1 cache:         32768 B, 64 B, 8-way associative
desc: LL cache:         1048576 B, 64 B, 16-way associative
cmd: ./matmul_recursive_strassen.out
events: Ir I1mr ILmr Dr D1mr DLmr Dw D1mw DLmw 
fl=/build/glibc-SzIz7B/glibc-2.31/elf/../elf/dl-sysdep.c
fn=_dl_sysdep_start
89 9 1 1 0 0 0 6 1 1
90 2 0 0 1 1 1 0 0 0
91 1 0 0 0 0 0 0 0 0
113 1 0 0 0 0 0 1 0 0
114 177 1 1 57 7 7 4 3 3
117 2 0 0 0 0 0 1 0 0
118 1 0 0 0 0 0 1 0 0
120 141 7 7 37 4 4 19 1 1
121 111 0 0 17 3 3 0 0 0
124 1 0 0 1 0 0 0 0 0
127 1 0 0 1 0 0 0 0 0
130 1 1 1 1 0 0 0 0 0
131 1 1 1 0 0 0 0 0 0
133 1 0 0 1 0 0 0 0 0
134 1 0 0 0 0 0 0 0 0
154 1 1 1 1 0 0 0 0 0
155 1 0 0 0 0 0 0 0 0
157 1 0 0 1 0 0 0 0 0
158 1 0 0 0 0 0 0 0 0
160 2 1 1 1 0 0 1 0 0
161 1 0 0 0 0 0 1 0 0
166 2 1 1 1 1 1 1 0 0
167 1 0 0 0 0 0 1 0 0
182 2 0 0 1 1 1 1 0 0
183 2 0 0 0 0 0 1 0 0
223 1 0 0 0 0 0 1 1 1
234 3 1 1 1 0 0 0 0 0
235 2 0 0 0 0 0 2 0 0
237 5 0 0 0 0 0 1 0 0
249 3 0 0 1 0 0 0 0 0
252 5 1 1 1 0 0 1 0 0
fl=/build/glibc-SzIz7B/glibc-2.31/elf/../elf/dl-tls.c
fn=_dl_count_modids
108 1 1 1 0 0 0 0 0 0
113 2 0 0 1 0 0 0 0 0
114 1 0 0 1 0 0 0 0 0
129 2 0 0 1 0 0 0 0 0
fn=_dl_next_tls_modid
48 3 1 1 0 0 0 0 0 0
51 12 0 0 6 0 0 0 0 0
99 3 0 0 0 0 0 3 0 0
103 3 0 0 3 0 0 0 0 0
fl=/build/glibc-SzIz7B/glibc-2.31/elf/../include/scratch_buffer.h
fn=_dl_map_object_deps
77 3 1 1 0 0 0 2 1 1
78 1 0 0 0 0 0 1 0 0
131 27 0 0 0 0 0 9 0 0
fl=/build/glibc-SzIz7B/glibc-2.31/elf/../misc/sbrk.c
fn=sbrk
32 5 1 1 0 0 0 2 0 0
40 6 0 0 2 1 1 0 0 0
44 2 0 0 0 0 0 0 0 0
60 5 1 1 3 0 0 0 0 0
fl=/build/glibc-SzIz7B/glibc-2.31/elf/../sysdeps/generic/dl-cache.h
fn=_dl_load_cache_lookup
153 5 1 1 0 0 0 0 0 0
fl=/build/glibc-SzIz7B/glibc-2.31/elf/../sysdeps/posix/dl-fileid.h
fn=_dl_map_object_from_fd
37 60 1 1 10 0 0 10 0 0
40 30 0 0 20 0 0 10 0 0
41 10 0 0 10 0 0 0 0 0
49 238 1 1 119 6 2 0 0 0
fl=/build/glibc-SzIz7B/glibc-2.31/elf/../sysdeps/unix/sysv/linux/dl-sysdep.c
fn=_dl_discover_osversion
46 5 1 1 0 0 0 3 0 0
48 3 0 0 1 0 0 0 0 0
88 4 1 1 0 0 0 1 1 1
103 1 0 0 0 0 0 0 0 0
107 1 0 0 0 0 0 0 0 0
108 1 0 0 0 0 0 0 0 0
110 12 0 0 3 1 1 0 0 0
112 6 0 0 0 0 0 0 0 0
114 22 0 0 5 0 0 0 0 0
116 2 0 0 0 0 0 0 0 0
117 4 0 0 0 0 0 0 0 0
120 3 0 0 0 0 0 0 0 0
121 3 1 1 0 0 0 0 0 0
122 3 0 0 0 0 0 0 0 0
124 15 0 0 0 0 0 0 0 0
133 5 0 0 4 0 0 0 0 0
fn=_dl_sysdep_start
36 2 0 0 0 0 0 1 0 0
fl=/build/glibc-SzIz7B/glibc-2.31/elf/../sysdeps/unix/sysv/linux/dl-vdso-setup.h
fn=dl_main
30 5 2 2 0 0 0 3 0 0
33 1 0 0 0 0 0 1 0 0
36 1 0 0 0 0 0 1 0 0
39 1 0 0 0 0 0 1 0 0
45 1 1 1 0 0 0 1 0 0
fl=/build/glibc-SzIz7B/glibc-2.31/elf/../sysdeps/unix/sysv/linux/dl-vdso.h
fn=dl_main
40 1 1 1 1 0 0 0 0 0
41 2 1 1 0 0 0 0 0 0
55 2 1 1 0 0 0 0 0 0
fl=/build/glibc-SzIz7B/glibc-2.31/elf/../sysdeps/unix/sysv/linux/x86/cpu-features.c
fn=_dl_sysdep_start
28 6 0 0 0 0 0 0 0 0
fl=/build/glibc-SzIz7B/glibc-2.31/elf/../sysdeps/unix/sysv/linux/x86_64/brk.c
fn=brk
28 1 1 1 0 0 0 0 0 0
31 5 0 0 0 0 0 1 0 0
33 2 0 0 0 0 0 0 0 0
39 1 0 0 0 0 0 0 0 0
40 1 0 0 1 0 0 0 0 0
fl=/build/glibc-SzIz7B/glibc-2.31/elf/../sysdeps/x86/cpu-features.c
fn=_dl_sysdep_start
49 4 0 0 0 0 0 0 0 0
50 2 0 0 0 0 0 0 0 0
51 6 0 0 0 0 0 4 0 0
56 2 0 0 0 0 0 0 0 0
57 6 1 1 0 0 0 4 0 0
62 2 0 0 0 0 0 0 0 0
63 6 1 1 0 0 0 4 0 0
309 1 0 0 0 0 0 1 0 0
310 1 0 0 0 0 0 1 0 0
311 1 0 0 0 0 0 1 0 0
322 3 1 1 0 0 0 1 1 1
325 6 0 0 0 0 0 0 0 0
326 1 0 0 0 0 0 0 0 0
329 1 0 0 0 0 0 0 0 0
331 6 2 2 0 0 0 1 0 0
336 7 0 0 5 0 0 0 0 0
338 10 2 2 2 1 1 1 0 0
376 2 0 0 1 0 0 0 0 0
390 1 0 0 0 0 0 0 0 0
400 5 0 0 0 0 0 0 0 0
414 2 0 0 0 0 0 1 0 0
415 1 0 0 0 0 0 0 0 0
425 6 0 0 0 0 0 1 0 0
476 3 1 1 1 0 0 0 0 0
477 1 0 0 1 0 0 0 0 0
480 2 0 0 0 0 0 0 0 0
481 1 0 0 1 0 0 0 0 0
487 1 0 0 0 0 0 1 0 0
488 1 0 0 0 0 0 1 0 0
489 1 0 0 0 0 0 1 0 0
490 1 0 0 0 0 0 1 0 0
493 4 1 1 0 0 0 1 0 0
495 6 0 0 1 0 0 2 0 0
497 6 1 1 1 0 0 2 0 0
499 6 0 0 1 0 0 2 0 0
510 1 0 0 0 0 0 1 0 0
511 2 0 0 1 0 0 0 0 0
515 3 2 2 1 0 0 0 0 0
534 3 1 1 0 0 0 0 0 0
536 4 0 0 1 0 0 0 0 0
537 2 1 1 1 0 0 0 0 0
539 4 0 0 1 0 0 0 0 0
540 2 0 0 0 0 0 0 0 0
543 2 0 0 0 0 0 1 0 0
558 4 1 1 0 0 0 1 0 0
560 4 0 0 0 0 0 1 0 0
fn=get_common_indices.constprop.0
71 2 1 1 0 0 0 1 0 0
75 4 0 0 0 0 0 0 0 0
78 5 0 0 0 0 0 3 0 0
81 1 0 0 0 0 0 1 0 0
82 4 1 1 0 0 0 1 0 0
83 4 0 0 0 0 0 1 0 0
84 4 0 0 0 0 0 1 0 0
85 3 0 0 0 0 0 1 0 0
86 2 1 1 1 0 0 0 0 0
93 2 0 0 1 0 0 0 0 0
94 7 0 0 0 0 0 4 0 0
100 2 0 0 1 0 0 0 0 0
101 7 1 1 0 0 0 4 0 0
108 3 0 0 1 0 0 0 0 0
112 2 0 0 0 0 0 0 0 0
114 4 1 1 0 0 0 0 0 0
118 2 1 1 0 0 0 0 0 0
121 4 0 0 1 0 0 1 0 0
124 2 0 0 1 0 0 0 0 0
127 3 0 0 0 0 0 1 0 0
132 1 0 0 1 0 0 0 0 0
135 2 1 1 0 0 0 0 0 0
137 2 0 0 0 0 0 1 0 0
139 3 0 0 1 0 0 0 0 0
143 2 0 0 0 0 0 0 0 0
147 2 1 1 1 0 0 0 0 0
154 3 0 0 0 0 0 0 0 0
225 2 0 0 1 0 0 0 0 0
229 3 0 0 0 0 0 0 0 0
230 2 0 0 0 0 0 0 0 0
232 1 0 0 0 0 0 0 0 0
233 1 0 0 0 0 0 0 0 0
236 2 0 0 0 0 0 1 0 0
238 1 0 0 0 0 0 1 1 1
241 2 1 1 1 0 0 0 0 0
291 3 1 1 2 0 0 0 0 0
fl=/build/glibc-SzIz7B/glibc-2.31/elf/../sysdeps/x86/dl-hwcap.h
fn=_dl_important_hwcaps
57 6 0 0 0 0 0 2 0 0
fl=/build/glibc-SzIz7B/glibc-2.31/elf/../sysdeps/x86/dl-procinfo.h
fn=_dl_load_cache_lookup
39 16 0 0 0 0 0 0 0 0
42 56 1 1 0 0 0 16 0 0
fl=/build/glibc-SzIz7B/glibc-2.31/elf/../sysdeps/x86/dl-prop.h
fn=_dl_process_pt_note
53 38 1 1 19 0 0 0 0 0
59 20 0 0 10 0 0 0 0 0
62 9 0 0 0 0 0 0 0 0
67 72 0 0 0 0 0 0 0 0
70 27 1 1 9 0 0 0 0 0
71 18 0 0 9 0 0 0 0 0
72 18 0 0 9 0 0 0 0 0
76 27 1 1 9 0 0 0 0 0
80 27 0 0 0 0 0 9 0 0
83 27 0 0 9 0 0 0 0 0
84 18 0 0 0 0 0 0 0 0
88 9 0 0 0 0 0 0 0 0
89 18 0 0 0 0 0 0 0 0
93 18 1 1 9 0 0 0 0 0
94 9 0 0 9 0 0 0 0 0
97 20 0 0 0 0 0 0 0 0
100 9 1 1 0 0 0 0 0 0
101 36 0 0 0 0 0 0 0 0
106 18 0 0 0 0 0 0 0 0
113 18 1 1 0 0 0 0 0 0
116 18 0 0 9 0 0 9 0 0
120 9 0 0 0 0 0 0 0 0
136 9 0 0 0 0 0 0 0 0
137 36 0 0 0 0 0 0 0 0
142 45 1 1 9 0 0 0 0 0
143 9 0 0 9 0 0 0 0 0
144 18 0 0 0 0 0 0 0 0
145 18 0 0 9 0 0 0 0 0
153 190 1 1 0 0 0 114 1 1
156 27 0 0 0 0 0 9 1 1
157 19 0 0 19 0 0 0 0 0
159 76 0 0 38 0 0 0 0 0
160 8 0 0 0 0 0 0 0 0
163 4 0 0 0 0 0 0 0 0
164 32 1 1 2 0 0 0 0 0
170 14 0 0 0 0 0 2 0 0
179 18 1 1 0 0 0 0 0 0
182 19 0 0 0 0 0 0 0 0
183 152 1 1 133 0 0 0 0 0
fn=dl_main
59 6 1 1 3 0 0 0 0 0
64 1 0 0 0 0 0 0 0 0
65 1 0 0 0 0 0 0 0 0
67 10 1 1 2 0 0 1 0 0
70 4 1 1 1 1 1 1 0 0
71 2 0 0 1 1 1 0 0 0
72 2 0 0 1 0 0 0 0 0
76 3 1 1 1 0 0 0 0 0
80 3 0 0 0 0 0 1 0 0
83 3 0 0 1 0 0 0 0 0
84 2 0 0 0 0 0 0 0 0
88 1 0 0 0 0 0 0 0 0
89 3 0 0 0 0 0 1 0 0
93 1 0 0 1 0 0 0 0 0
94 4 0 0 1 0 0 1 0 0
97 2 0 0 0 0 0 0 0 0
100 1 0 0 0 0 0 0 0 0
101 4 1 1 1 0 0 0 0 0
106 2 0 0 0 0 0 0 0 0
113 2 1 1 1 0 0 0 0 0
116 1 0 0 1 0 0 0 0 0
120 1 0 0 0 0 0 0 0 0
136 1 0 0 0 0 0 0 0 0
137 5 0 0 1 0 0 0 0 0
142 4 0 0 0 0 0 0 0 0
143 1 0 0 1 0 0 0 0 0
144 2 0 0 0 0 0 0 0 0
145 1 0 0 1 0 0 0 0 0
189 2 0 0 2 0 0 0 0 0
190 2 0 0 1 0 0 1 0 0
fl=/build/glibc-SzIz7B/glibc-2.31/elf/../sysdeps/x86_64/dl-machine.h
fn=_dl_start
59 3 0 0 1 1 1 0 0 0
301 27 0 0 0 0 0 0 0 0
309 90 1 1 36 8 8 0 0 0
312 18 0 0 0 0 0 0 0 0
333 63 0 0 0 0 0 0 0 0
353 18 1 1 9 2 2 9 2 2
354 9 0 0 0 0 0 0 0 0
421 1 0 0 0 0 0 0 0 0
541 84 0 0 42 5 5 0 0 0
542 126 1 1 42 5 5 42 25 25
fl=/build/glibc-SzIz7B/glibc-2.31/elf/./dl-load.h
fn=_dl_map_object_from_fd
90 80 0 0 0 0 0 0 0 0
91 30 0 0 20 0 0 10 0 0
93 80 1 1 40 1 1 0 0 0
94 45 1 1 27 0 0 0 0 0
95 54 1 1 18 0 0 0 0 0
96 36 0 0 9 0 0 0 0 0
98 36 0 0 0 0 0 9 0 0
fl=/build/glibc-SzIz7B/glibc-2.31/elf/./dl-map-segments.h
fn=_dl_map_object_from_fd
50 20 0 0 10 0 0 0 0 0
56 80 0 0 30 0 0 20 0 0
60 20 0 0 0 0 0 0 0 0
63 30 1 1 10 0 0 10 0 0
64 20 0 0 0 0 0 10 0 0
66 20 0 0 10 0 0 0 0 0
73 12 0 0 4 0 0 1 0 0
80 10 1 1 10 0 0 0 0 0
82 10 0 0 10 0 0 0 0 0
90 200 0 0 40 0 0 0 0 0
92 150 0 0 90 0 0 0 0 0
94 300 1 1 90 0 0 30 0 0
104 160 0 0 80 0 0 0 0 0
110 20 0 0 10 0 0 0 0 0
111 10 0 0 0 0 0 0 0 0
112 30 0 0 10 0 0 0 0 0
113 20 0 0 0 0 0 0 0 0
115 20 0 0 0 0 0 0 0 0
120 20 1 1 0 0 0 0 0 0
123 20 0 0 0 0 0 0 0 0
131 70 0 0 0 0 0 30 0 0
132 20 0 0 20 0 0 0 0 0
137 20 0 0 0 0 0 0 0 0
141 48 1 1 0 0 0 6 0 0
144 12 0 0 0 0 0 0 0 0
149 40 1 1 0 0 0 0 0 0
fl=/build/glibc-SzIz7B/glibc-2.31/elf/./setup-vdso.h
fn=dl_main
24 2 0 0 1 0 0 0 0 0
fl=/build/glibc-SzIz7B/glibc-2.31/elf/dl-cache.c
fn=_dl_cache_libcmp
141 89 1 1 0 0 0 0 0 0
142 1172 0 0 178 57 52 0 0 0
144 1944 0 0 0 0 0 0 0 0
146 22 0 0 0 0 0 0 0 0
152 33 0 0 0 0 0 0 0 0
153 33 1 1 0 0 0 0 0 0
154 44 0 0 11 0 0 0 0 0
156 44 0 0 11 0 0 0 0 0
158 22 0 0 0 0 0 0 0 0
164 950 1 1 0 0 0 0 0 0
166 950 0 0 0 0 0 0 0 0
167 156 1 1 78 0 0 0 0 0
170 397 0 0 0 0 0 0 0 0
171 1191 0 0 794 4 4 0 0 0
174 33 0 0 11 0 0 0 0 0
fn=_dl_load_cache_lookup
187 80 1 1 0 0 0 48 0 0
195 16 0 0 8 0 0 0 0 0
198 24 0 0 8 0 0 0 0 0
201 5 1 1 0 0 0 1 1 1
209 5 1 1 1 0 0 0 0 0
210 8 0 0 3 1 1 0 0 0
213 1 0 0 1 0 0 0 0 0
218 1 1 1 0 0 0 1 0 0
219 2 0 0 0 0 0 1 0 0
264 21 0 0 7 0 0 0 0 0
270 40 1 1 8 0 0 8 0 0
279 8 0 0 0 0 0 0 0 0
281 8 0 0 8 0 0 0 0 0
285 48 1 1 8 0 0 16 0 0
293 48 1 1 24 0 0 16 0 0
294 24 0 0 8 0 0 0 0 0
308 1809 6 6 355 51 48 124 0 0
320 56 1 1 16 0 0 0 0 0
324 16 0 0 8 0 0 0 0 0
328 16 0 0 0 0 0 0 0 0
336 152 1 1 8 0 0 8 0 0
337 32 1 1 0 0 0 8 0 0
338 8 0 0 0 0 0 8 0 0
339 64 0 0 56 0 0 0 0 0
fl=/build/glibc-SzIz7B/glibc-2.31/elf/dl-debug.c
fn=_dl_debug_initialize
46 11 1 1 0 0 0 0 0 0
49 22 0 0 0 0 0 0 0 0
50 11 1 1 11 0 0 0 0 0
54 42 0 0 11 1 1 0 0 0
57 1 0 0 0 0 0 1 0 0
58 13 1 1 10 0 0 1 0 0
59 5 1 1 1 0 0 1 0 0
60 2 0 0 0 0 0 1 0 0
64 1 0 0 1 0 0 0 0 0
fn=_dl_debug_state
73 1 0 0 0 0 0 0 0 0
74 1 0 0 1 0 0 0 0 0
fl=/build/glibc-SzIz7B/glibc-2.31/elf/dl-deps.c
fn=_dl_map_object_deps
144 5 0 0 0 0 0 3 0 0
145 10 0 0 1 0 0 3 2 2
146 14 1 1 0 0 0 1 0 0
148 3 0 0 0 0 0 1 0 0
152 13 1 1 3 0 0 4 0 0
159 12 1 1 0 0 0 9 2 2
160 21 4 4 1 0 0 0 0 0
176 12 0 0 1 0 0 1 0 0
177 2 0 0 2 0 0 0 0 0
180 1 0 0 0 0 0 1 0 0
198 2 0 0 1 0 0 1 0 0
200 2 0 0 0 0 0 2 0 0
202 31 0 0 20 0 0 0 0 0
206 11 0 0 0 0 0 0 0 0
209 11 0 0 0 0 0 11 0 0
213 44 1 1 11 3 0 11 0 0
214 74 1 1 32 1 0 0 0 0
217 27 1 1 0 0 0 0 0 0
221 27 0 0 9 0 0 9 0 0
224 30 0 0 15 1 1 0 0 0
226 27 1 1 18 2 0 9 0 0
231 9 0 0 0 0 0 9 0 0
232 9 0 0 0 0 0 9 1 1
233 18 0 0 9 0 0 9 0 0
234 18 1 1 9 0 0 9 0 0
237 910 1 1 241 44 0 9 0 0
238 439 0 0 0 0 0 0 0 0
244 180 1 1 40 0 0 20 0 0
246 20 0 0 0 0 0 20 0 0
248 80 1 1 40 0 0 20 0 0
249 38 0 0 19 0 0 0 0 0
258 19 0 0 19 0 0 0 0 0
260 38 1 1 19 0 0 0 0 0
265 63 0 0 9 0 0 0 0 0
268 9 1 1 0 0 0 9 0 0
269 9 0 0 0 0 0 9 0 0
270 9 0 0 0 0 0 9 0 0
271 18 0 0 9 0 0 9 0 0
273 9 0 0 9 0 0 0 0 0
275 45 0 0 9 0 0 18 0 0
279 57 0 0 19 0 0 0 0 0
280 48 0 0 0 0 0 16 0 0
282 585 0 0 0 0 0 0 0 0
287 1 0 0 0 0 0 1 0 0
303 36 1 1 0 0 0 18 0 0
380 20 1 1 0 0 0 10 0 0
433 30 1 1 10 0 0 0 0 0
435 24 0 0 0 0 0 8 1 1
438 32 0 0 0 0 0 8 0 0
439 16 0 0 0 0 0 0 0 0
445 8 0 0 0 0 0 8 2 2
446 40 0 0 8 0 0 8 0 0
447 40 0 0 0 0 0 8 0 0
450 8 0 0 0 0 0 8 0 0
451 8 0 0 8 0 0 0 0 0
455 40 1 1 20 0 0 0 0 0
457 10 0 0 10 0 0 0 0 0
458 50 0 0 10 0 0 0 0 0
fn=openaux
61 60 1 1 0 0 0 20 0 0
64 219 0 0 80 0 0 39 0 0
65 20 0 0 20 0 0 0 0 0
68 20 0 0 20 0 0 0 0 0
69 38 0 0 38 0 0 0 0 0
fl=/build/glibc-SzIz7B/glibc-2.31/elf/dl-environ.c
fn=_dl_next_ld_env_entry
28 3 1 1 0 0 0 0 0 0
29 3 0 0 3 0 0 0 0 0
32 168 0 0 56 0 0 0 0 0
34 110 0 0 55 0 0 0 0 0
35 18 0 0 9 0 0 0 0 0
37 2 0 0 0 0 0 0 0 0
40 4 1 1 0 0 0 2 0 0
42 2 0 0 2 0 0 0 0 0
45 53 0 0 0 0 0 0 0 0
49 1 0 0 1 0 0 0 0 0
fl=/build/glibc-SzIz7B/glibc-2.31/elf/dl-error-skeleton.c
fn=_dl_catch_error
225 20 1 1 0 0 0 6 0 0
227 4 0 0 0 0 0 2 0 0
228 4 0 0 2 0 0 2 0 0
229 4 0 0 2 0 0 2 0 0
230 4 0 0 2 0 0 2 0 0
232 10 1 1 8 0 0 0 0 0
fn=_dl_catch_exception
175 176 1 1 22 0 0 110 2 2
178 44 0 0 0 0 0 0 0 0
199 22 0 0 0 0 0 22 0 0
200 44 1 1 0 0 0 22 0 0
203 44 0 0 0 0 0 22 0 0
206 154 0 0 0 0 0 22 1 1
208 66 0 0 44 0 0 22 0 0
209 42 1 1 21 0 0 21 0 0
210 84 0 0 21 0 0 42 0 0
219 84 0 0 42 0 0 0 0 0
fl=/build/glibc-SzIz7B/glibc-2.31/elf/dl-hwcaps.c
fn=_dl_important_hwcaps
42 14 1 1 0 0 0 10 1 1
43 8 1 1 1 0 0 3 0 0
45 2 0 0 1 0 0 1 0 0
46 3 0 0 0 0 0 0 0 0
55 17 1 1 0 0 0 0 0 0
56 8 0 0 2 0 0 2 1 1
57 1 0 0 0 0 0 0 0 0
65 3 0 0 1 0 0 0 0 0
148 19 4 4 1 0 0 0 0 0
149 1 0 0 0 0 0 0 0 0
185 12 0 0 1 0 0 0 0 0
186 10 1 1 2 0 0 2 1 1
188 1 0 0 0 0 0 1 1 1
189 2 0 0 0 0 0 2 0 0
190 13 0 0 1 0 0 1 0 0
193 3 1 1 1 0 0 0 0 0
195 1 0 0 0 0 0 1 0 0
196 2 0 0 1 0 0 1 0 0
197 4 1 1 0 0 0 0 0 0
200 2 0 0 0 0 0 1 0 0
201 1 0 0 0 0 0 1 0 0
204 2 0 0 0 0 0 0 0 0
207 5 0 0 1 0 0 1 0 0
211 7 1 1 1 0 0 2 0 0
212 2 0 0 0 0 0 0 0 0
214 2 0 0 0 0 0 0 0 0
215 8 2 2 0 0 0 0 0 0
216 3 1 1 1 0 0 0 0 0
217 4 0 0 0 0 0 0 0 0
224 2 1 1 0 0 0 0 0 0
230 11 1 1 1 0 0 5 1 1
231 5 0 0 0 0 0 1 0 0
232 5 0 0 2 0 0 0 0 0
263 10 1 1 0 0 0 3 1 1
266 4 0 0 0 0 0 2 0 0
273 3 0 0 2 0 0 0 0 0
276 2 0 0 0 0 0 0 0 0
279 12 0 0 4 0 0 4 0 0
282 11 1 1 3 0 0 0 0 0
283 21 1 1 1 0 0 4 0 0
284 7 0 0 2 0 0 2 0 0
287 10 1 1 2 0 0 4 0 0
289 6 0 0 2 0 0 0 0 0
294 28 0 0 2 0 0 0 0 0
295 24 1 1 0 0 0 8 1 1
299 21 0 0 0 0 0 0 0 0
302 24 0 0 0 0 0 0 0 0
303 96 1 1 0 0 0 0 0 0
304 48 0 0 24 0 0 12 0 0
306 9 0 0 0 0 0 0 0 0
309 3 0 0 1 0 0 0 0 0
310 2 0 0 0 0 0 0 0 0
311 19 3 3 2 0 0 0 0 0
313 6 0 0 0 0 0 0 0 0
314 2 0 0 2 0 0 0 0 0
316 1 0 0 1 0 0 0 0 0
317 4 0 0 0 0 0 2 0 0
324 18 0 0 6 0 0 4 0 0
325 4 0 0 0 0 0 0 0 0
327 8 0 0 0 0 0 0 0 0
330 3 0 0 2 0 0 1 0 0
333 9 1 1 7 0 0 0 0 0
fl=/build/glibc-SzIz7B/glibc-2.31/elf/dl-load.c
fn=_dl_dst_count
231 120 1 1 0 0 0 100 1 1
234 40 0 0 0 0 0 20 0 0
237 40 0 0 0 0 0 0 0 0
238 20 0 0 0 0 0 0 0 0
257 140 1 1 120 0 0 0 0 0
fn=_dl_init_paths
681 10 1 1 0 0 0 7 0 0
694 6 1 1 2 0 0 2 0 0
698 1 0 0 0 0 0 1 0 0
699 2 0 0 0 0 0 1 0 0
700 2 0 0 0 0 0 0 0 0
707 5 0 0 0 0 0 0 0 0
708 4 1 1 1 0 0 1 0 0
711 6 0 0 0 0 0 2 0 0
713 2 0 0 0 0 0 0 0 0
719 1 1 1 0 0 0 1 0 0
720 1 0 0 0 0 0 1 0 0
728 11 1 1 0 0 0 3 0 0
730 8 1 1 0 0 0 4 2 2
731 4 0 0 0 0 0 4 1 1
733 5 0 0 0 0 0 4 0 0
734 7 0 0 3 1 1 4 1 1
735 7 1 1 0 0 0 0 0 0
738 6 0 0 3 1 1 0 0 0
739 24 0 0 4 0 0 4 0 0
742 26 0 0 6 0 0 6 0 0
748 1 0 0 0 0 0 1 0 0
749 1 0 0 0 0 0 1 0 0
753 1 0 0 1 0 0 0 0 0
754 2 0 0 0 0 0 0 0 0
756 4 1 1 1 0 0 0 0 0
758 3 0 0 1 0 0 0 0 0
775 1 1 1 0 0 0 1 0 0
777 3 1 1 1 0 0 0 0 0
791 2 1 1 0 0 0 1 0 0
796 5 0 0 2 0 0 0 0 0
798 24 2 2 2 0 0 2 0 0
802 2 0 0 0 0 0 0 0 0
803 905 1 1 226 0 0 0 0 0
804 914 0 0 0 0 0 0 0 0
805 7 0 0 0 0 0 0 0 0
807 1 1 1 0 0 0 1 0 0
808 2 0 0 0 0 0 1 0 0
809 2 0 0 0 0 0 0 0 0
815 6 0 0 0 0 0 1 0 0
818 3 0 0 2 0 0 0 0 0
824 1 0 0 0 0 0 1 0 0
828 8 0 0 7 0 0 0 0 0
fn=_dl_map_object
659 114 1 1 38 3 0 0 0 0
662 18 0 0 0 0 0 0 0 0
665 27 1 1 9 0 0 0 0 0
668 9 2 2 0 0 0 9 0 0
669 9 0 0 0 0 0 0 0 0
1927 220 1 1 0 0 0 176 4 4
1929 11 0 0 0 0 0 11 0 0
1935 44 1 1 0 0 0 0 0 0
1936 88 0 0 22 1 1 0 0 0
1939 581 0 0 157 0 0 0 0 0
1944 1022 1 1 146 0 0 0 0 0
1946 730 0 0 0 0 0 146 1 1
1950 270 0 0 135 0 0 0 0 0
1951 405 1 1 135 0 0 0 0 0
1954 95 0 0 95 0 0 0 0 0
1955 190 0 0 190 23 0 0 0 0
1956 380 0 0 0 0 0 95 0 0
1972 66 1 1 11 0 0 11 1 1
1982 33 0 0 11 0 0 0 0 0
2016 11 0 0 0 0 0 11 1 1
2018 55 1 1 0 0 0 11 0 0
2022 36 2 2 0 0 0 18 0 0
2024 18 0 0 9 0 0 0 0 0
2031 36 0 0 9 0 0 0 0 0
2035 45 1 1 18 0 0 27 0 0
2040 63 1 1 21 0 0 0 0 0
2041 21 0 0 0 0 0 0 0 0
2043 36 0 0 0 0 0 9 0 0
2055 36 2 2 27 0 0 0 0 0
2056 72 0 0 18 0 0 9 0 0
2057 9 0 0 0 0 0 0 0 0
2066 18 1 1 9 0 0 0 0 0
2067 134 1 1 9 0 0 36 0 0
2073 40 0 0 0 0 0 0 0 0
2074 8 1 1 0 0 0 0 0 0
2082 8 1 1 0 0 0 8 0 0
2096 16 0 0 0 0 0 0 0 0
2098 24 1 1 8 0 0 0 0 0
2102 24 0 0 0 0 0 8 0 0
2104 16 0 0 0 0 0 0 0 0
2108 16 0 0 0 0 0 0 0 0
2116 24 0 0 8 1 0 0 0 0
2139 56 1 1 0 0 0 16 0 0
2143 24 0 0 8 0 0 0 0 0
2144 16 0 0 0 0 0 8 0 0
2161 16 1 1 8 0 0 0 0 0
2167 2 0 0 0 0 0 2 0 0
2168 8 0 0 0 0 0 2 0 0
2169 4 0 0 0 0 0 0 0 0
2170 6 0 0 0 0 0 0 0 0
2174 10 1 1 0 0 0 2 0 0
2177 4 0 0 0 0 0 0 0 0
2189 40 0 0 10 0 0 0 0 0
2191 32 0 0 0 0 0 0 0 0
2235 20 0 0 10 1 0 10 0 0
2236 150 1 1 30 0 0 50 0 0
2238 189 0 0 147 0 0 0 0 0
fn=_dl_map_object_from_fd
866 140 1 1 0 0 0 110 2 2
876 40 1 1 10 0 0 20 1 1
877 10 0 0 0 0 0 10 0 0
883 40 0 0 10 0 0 10 0 0
901 265 1 1 85 0 0 0 0 0
902 130 1 1 65 0 0 0 0 0
920 20 1 1 10 0 0 0 0 0
944 40 1 1 10 0 0 10 0 0
954 20 0 0 10 0 0 0 0 0
961 40 0 0 20 0 0 0 0 0
994 20 0 0 0 0 0 0 0 0
997 80 1 1 50 0 0 10 0 0
998 20 0 0 0 0 0 0 0 0
1009 30 0 0 20 0 0 10 7 7
1010 40 0 0 20 0 0 20 0 0
1011 20 0 0 10 0 0 10 0 0
1013 30 0 0 0 0 0 0 0 0
1014 40 0 0 20 0 0 0 0 0
1015 10 1 1 0 0 0 0 0 0
1018 17 2 2 1 0 0 0 0 0
1019 6 0 0 1 0 0 1 1 1
1030 20 0 0 0 0 0 10 0 0
1032 10 1 1 0 0 0 10 0 0
1034 210 1 1 20 0 0 20 0 0
1035 10 0 0 0 0 0 0 0 0
1036 10 0 0 0 0 0 10 0 0
1042 728 1 1 0 0 0 0 0 0
1043 993 2 2 187 4 2 0 0 0
1049 20 1 1 10 0 0 0 0 0
1054 20 0 0 10 0 0 10 0 0
1055 40 0 0 10 0 0 10 0 0
1060 2 0 0 1 0 0 1 0 0
1061 1 0 0 0 0 0 0 0 0
1066 200 2 2 80 0 0 0 0 0
1071 280 0 0 80 0 0 0 0 0
1079 120 0 0 0 0 0 0 0 0
1080 240 0 0 40 0 0 40 4 4
1081 400 1 1 80 0 0 40 0 0
1082 80 0 0 40 0 0 40 2 2
1084 80 0 0 0 0 0 40 3 3
1088 80 1 1 0 0 0 0 0 0
1089 180 0 0 90 0 0 30 0 0
1093 80 0 0 0 0 0 0 0 0
1094 320 1 1 80 0 0 40 0 0
1107 9 0 0 3 0 0 0 0 0
1111 3 0 0 0 0 0 3 3 3
1112 6 1 1 3 0 0 3 1 1
1113 3 0 0 3 0 0 0 0 0
1116 15 0 0 0 0 0 3 0 0
1117 6 0 0 3 0 0 3 0 0
1120 3 0 0 0 0 0 3 0 0
1125 12 1 1 3 0 0 0 0 0
1132 40 0 0 10 0 0 10 0 0
1140 20 1 1 10 0 0 10 0 0
1141 10 0 0 0 0 0 0 0 0
1144 40 0 0 20 0 0 10 4 4
1146 10 0 0 0 0 0 0 0 0
1149 171 1 1 57 0 0 19 2 2
1157 20 0 0 0 0 0 0 0 0
1170 20 1 1 0 0 0 0 0 0
1180 90 1 1 40 0 0 10 0 0
1192 40 1 1 20 0 0 0 0 0
1201 30 0 0 10 0 0 10 0 0
1208 20 0 0 0 0 0 0 0 0
1210 20 0 0 0 0 0 0 0 0
1229 30 1 1 10 0 0 0 0 0
1248 20 0 0 10 0 0 10 0 0
1250 50 0 0 20 0 0 0 0 0
1298 30 1 1 10 7 7 0 0 0
1299 6 0 0 3 0 0 3 0 0
1302 40 0 0 10 0 0 10 0 0
1311 20 0 0 10 0 0 0 0 0
1313 40 1 1 20 0 0 10 0 0
1315 20 0 0 10 0 0 0 0 0
1331 20 0 0 0 0 0 10 0 0
1335 20 0 0 10 0 0 0 0 0
1336 20 0 0 10 0 0 0 0 0
1337 8 1 1 4 0 0 0 0 0
1341 4 0 0 2 0 0 2 0 0
1342 2 0 0 0 0 0 2 0 0
1345 6 0 0 0 0 0 2 0 0
1346 2 0 0 2 0 0 0 0 0
1349 6 0 0 2 0 0 2 0 0
1353 20 1 1 10 0 0 0 0 0
1354 2 0 0 0 0 0 1 0 0
1357 20 0 0 10 0 0 10 0 0
1362 20 0 0 10 0 0 0 0 0
1372 20 1 1 10 0 0 0 0 0
1381 20 0 0 10 0 0 0 0 0
1382 12 0 0 3 0 0 0 0 0
1387 6 0 0 0 0 0 6 0 0
1394 30 0 0 10 0 0 10 0 0
1398 30 1 1 10 0 0 0 0 0
1417 90 1 1 70 0 0 0 0 0
fn=expand_dynamic_string_token
234 30 0 0 0 0 0 10 0 0
237 20 0 0 0 0 0 0 0 0
378 90 1 1 0 0 0 60 0 0
392 20 0 0 0 0 0 0 0 0
403 70 1 1 60 0 0 0 0 0
fn=fillin_rpath
447 16 2 2 0 0 0 12 1 1
449 1 0 0 0 0 0 0 0 0
451 54 1 1 18 0 0 9 0 0
458 16 0 0 8 0 0 0 0 0
460 32 0 0 8 0 0 8 0 0
464 16 0 0 0 0 0 0 0 0
469 24 0 0 0 0 0 8 0 0
470 16 0 0 0 0 0 0 0 0
477 45 1 1 9 0 0 0 0 0
478 1 0 0 0 0 0 0 0 0
482 32 1 1 0 0 0 16 0 0
486 208 0 0 64 0 0 0 0 0
487 120 1 1 58 0 0 1 0 0
494 19 0 0 0 0 0 0 0 0
495 10 0 0 5 0 0 0 0 0
499 2 0 0 0 0 0 1 0 0
505 28 1 1 7 0 0 7 0 0
509 56 1 1 14 0 0 21 0 0
511 21 1 1 7 0 0 0 0 0
515 14 0 0 0 0 0 14 1 1
516 7 0 0 0 0 0 0 0 0
517 28 0 0 0 0 0 14 0 0
518 14 0 0 7 0 0 7 0 0
520 14 0 0 7 0 0 0 0 0
521 3 0 0 0 0 0 3 0 0
526 28 1 1 7 0 0 0 0 0
527 126 1 1 0 0 0 0 0 0
528 56 0 0 0 0 0 14 0 0
530 14 1 1 7 0 0 7 0 0
531 14 0 0 7 0 0 0 0 0
536 14 1 1 0 0 0 7 0 0
538 7 0 0 0 0 0 7 0 0
539 7 0 0 0 0 0 7 0 0
542 21 0 0 0 0 0 7 0 0
544 24 0 0 8 0 0 8 0 0
548 1 0 0 0 0 0 1 0 0
551 9 0 0 7 0 0 0 0 0
fn=open_path
1443 18 1 1 0 0 0 9 0 0
1779 126 1 1 9 0 0 99 3 3
1780 18 1 1 9 0 0 9 0 0
1783 9 0 0 0 0 0 9 0 0
1784 9 0 0 0 0 0 9 0 0
1786 18 0 0 0 0 0 0 0 0
1791 198 2 2 27 0 0 0 0 0
1794 130 0 0 130 0 0 0 0 0
1798 65 0 0 0 0 0 65 0 0
1803 390 0 0 65 0 0 65 1 1
1810 325 1 1 130 3 0 65 1 1
1811 2577 1 1 185 0 0 0 0 0
1814 1040 0 0 520 0 0 0 0 0
1818 1331 1 1 605 0 0 242 0 0
1821 242 0 0 0 0 0 121 0 0
1824 363 0 0 121 0 0 0 0 0
1827 846 1 1 363 0 0 121 0 0
1829 360 0 0 120 0 0 0 0 0
1831 128 0 0 0 0 0 0 0 0
1836 128 1 1 0 0 0 0 0 0
1837 448 0 0 192 0 0 0 0 0
1843 776 3 3 193 0 0 129 0 0
1845 448 0 0 64 0 0 64 0 0
1846 16 0 0 8 0 0 0 0 0
1848 256 1 1 8 0 0 72 0 0
1855 224 0 0 56 0 0 0 0 0
1857 112 0 0 0 0 0 0 0 0
1865 130 0 0 0 0 0 65 0 0
1893 8 1 1 0 0 0 0 0 0
1896 512 1 1 128 0 0 0 0 0
1901 128 0 0 128 0 0 0 0 0
1903 256 0 0 192 0 0 0 0 0
1906 24 1 1 8 0 0 0 0 0
1920 72 0 0 56 0 0 0 0 0
fn=open_verify.constprop.0
1466 1419 1 1 0 0 0 774 1 1
1505 387 0 0 129 0 0 0 0 0
1518 120 1 1 0 0 0 0 0 0
1536 644 0 0 0 0 0 129 0 0
1538 256 1 1 0 0 0 0 0 0
1543 16 0 0 0 0 0 0 0 0
1549 24 0 0 0 0 0 8 0 0
1550 16 0 0 0 0 0 16 0 0
1555 48 0 0 8 0 0 8 0 0
1557 16 1 1 0 0 0 0 0 0
1559 24 0 0 8 0 0 8 0 0
1561 16 0 0 0 0 0 0 0 0
1567 16 0 0 0 0 0 0 0 0
1583 137 3 3 67 0 0 0 0 0
1657 16 0 0 8 0 0 0 0 0
1662 16 0 0 8 0 0 0 0 0
1664 32 1 1 8 0 0 0 0 0
1670 16 0 0 8 1 1 0 0 0
1676 40 0 0 8 0 0 0 0 0
1677 32 1 1 8 0 0 0 0 0
1678 14 0 0 7 0 0 0 0 0
1681 16 1 1 1 0 0 0 0 0
1682 13 0 0 2 0 0 2 0 0
1698 494 0 0 0 0 0 0 0 0
1699 208 1 1 96 11 10 0 0 0
1700 64 0 0 16 1 0 0 0 0
1704 64 0 0 32 0 0 0 0 0
1705 42 1 1 14 0 0 0 0 0
1710 4 0 0 0 0 0 0 0 0
1711 32 1 1 2 0 0 0 0 0
1721 40 1 1 6 0 0 8 1 1
1729 114 1 1 76 3 1 0 0 0
1731 16 0 0 0 0 0 0 0 0
1732 144 1 1 48 0 0 0 0 0
1735 48 0 0 0 0 0 0 0 0
1740 3 0 0 0 0 0 0 0 0
1741 32 1 1 13 0 0 0 0 0
1744 6 0 0 0 0 0 0 0 0
1747 6 0 0 3 0 0 0 0 0
1748 12 1 1 3 0 0 0 0 0
1749 3 0 0 3 0 0 0 0 0
1750 9 0 0 3 0 0 0 0 0
1751 9 0 0 3 0 0 0 0 0
1761 24 0 0 0 0 0 8 0 0
1765 1152 0 0 896 0 0 0 0 0
fn=open_verify.constprop.1
1466 22 1 1 0 0 0 12 0 0
1536 8 0 0 0 0 0 2 1 1
1538 4 0 0 0 0 0 0 0 0
1543 4 0 0 0 0 0 0 0 0
1549 6 1 1 0 0 0 2 0 0
1550 4 0 0 0 0 0 4 1 1
1555 12 0 0 2 0 0 2 0 0
1557 4 0 0 0 0 0 0 0 0
1559 6 0 0 2 0 0 2 0 0
1561 4 0 0 0 0 0 0 0 0
1567 4 1 1 0 0 0 0 0 0
1583 32 2 2 16 0 0 0 0 0
1657 4 0 0 2 0 0 0 0 0
1662 4 0 0 2 0 0 0 0 0
1664 8 0 0 2 0 0 0 0 0
1670 4 0 0 2 0 0 0 0 0
1676 10 0 0 2 1 1 0 0 0
1677 8 1 1 2 0 0 0 0 0
1678 4 0 0 2 0 0 0 0 0
1698 128 0 0 0 0 0 0 0 0
1699 49 1 1 23 7 7 0 0 0
1700 12 0 0 3 1 1 0 0 0
1704 12 1 1 6 0 0 0 0 0
1705 9 1 1 3 0 0 0 0 0
1721 6 1 1 0 0 0 0 0 0
1729 18 0 0 12 3 3 0 0 0
1731 3 0 0 0 0 0 0 0 0
1732 27 1 1 9 0 0 0 0 0
1735 9 0 0 0 0 0 0 0 0
1741 6 1 1 3 0 0 0 0 0
1761 4 0 0 0 0 0 2 0 0
1765 18 0 0 14 0 0 0 0 0
fl=/build/glibc-SzIz7B/glibc-2.31/elf/dl-lookup.c
fn=_dl_setup_hash
961 12 1 1 0 0 0 0 0 0
964 36 0 0 12 0 0 0 0 0
966 12 1 1 12 0 0 0 0 0
968 24 0 0 12 12 12 12 1 1
969 12 0 0 12 0 0 0 0 0
970 12 0 0 12 1 1 0 0 0
972 36 0 0 0 0 0 0 0 0
973 12 0 0 0 0 0 12 0 0
974 36 0 0 12 0 0 12 0 0
976 12 0 0 0 0 0 12 0 0
977 24 0 0 0 0 0 0 0 0
979 12 0 0 0 0 0 12 0 0
981 36 1 1 0 0 0 12 0 0
986 12 0 0 12 0 0 0 0 0
fl=/build/glibc-SzIz7B/glibc-2.31/elf/dl-minimal.c
fn=calloc
92 22 1 1 0 0 0 0 0 0
96 11 0 0 0 0 0 0 0 0
99 22 0 0 0 0 0 0 0 0
100 33 0 0 0 0 0 0 0 0
103 11 0 0 0 0 0 0 0 0
fn=free
109 19 1 1 0 0 0 0 0 0
111 71 0 0 35 0 0 0 0 0
115 5 0 0 1 0 0 1 0 0
116 1 0 0 0 0 0 1 0 0
118 2 0 0 1 0 0 0 0 0
fn=malloc
49 290 1 1 0 0 0 116 1 1
50 232 1 1 116 0 0 0 0 0
55 3 0 0 0 0 0 1 0 0
56 2 1 1 1 0 0 0 0 0
57 2 1 1 0 0 0 0 0 0
61 174 0 0 0 0 0 58 0 0
64 398 0 0 0 0 0 0 0 0
69 8 1 1 2 0 0 0 0 0
70 4 0 0 0 0 0 0 0 0
72 2 0 0 0 0 0 0 0 0
73 16 0 0 0 0 0 2 0 0
75 4 0 0 0 0 0 0 0 0
77 4 0 0 2 0 0 0 0 0
79 8 0 0 0 0 0 2 0 0
82 58 0 0 0 0 0 58 0 0
83 58 0 0 0 0 0 58 0 0
85 232 0 0 174 0 0 0 0 0
fn=strsep
262 9 1 1 0 0 0 0 0 0
265 18 0 0 9 1 1 0 0 0
267 9 0 0 9 0 0 0 0 0
268 18 0 0 0 0 0 0 0 0
272 1146 0 0 226 0 0 0 0 0
277 886 1 1 443 0 0 0 0 0
279 1308 0 0 436 0 0 0 0 0
283 14 0 0 0 0 0 7 0 0
287 218 0 0 0 0 0 0 0 0
290 8 0 0 0 0 0 8 0 0
294 18 0 0 9 0 0 0 0 0
fl=/build/glibc-SzIz7B/glibc-2.31/elf/dl-misc.c
fn=_dl_name_match_p
282 876 1 1 0 0 0 292 0 0
283 730 0 0 146 0 0 146 1 1
284 157 0 0 0 0 0 0 0 0
286 146 0 0 146 0 0 0 0 0
288 606 0 0 0 0 0 0 0 0
289 840 1 1 168 3 0 168 0 0
292 157 0 0 157 0 0 0 0 0
294 135 0 0 0 0 0 0 0 0
295 584 0 0 438 0 0 0 0 0
fn=_dl_sysdep_read_whole_file
44 9 2 2 0 0 0 4 0 0
47 3 0 0 0 0 0 1 0 0
48 2 0 0 0 0 0 0 0 0
50 7 1 1 0 0 0 1 0 0
52 2 0 0 1 0 0 1 0 0
55 2 0 0 0 0 0 0 0 0
57 8 1 1 0 0 0 1 0 0
68 3 0 0 0 0 0 1 0 0
71 7 0 0 5 0 0 0 0 0
fl=/build/glibc-SzIz7B/glibc-2.31/elf/dl-object.c
fn=_dl_add_to_namespace_list
31 66 2 2 0 0 0 33 0 0
33 33 0 0 11 0 0 11 0 0
35 76 0 0 11 0 0 0 0 0
38 260 0 0 65 0 0 0 0 0
40 10 0 0 0 0 0 10 0 0
42 10 0 0 0 0 0 10 0 0
45 2 0 0 0 0 0 1 0 0
46 33 1 1 11 0 0 0 0 0
47 22 0 0 11 0 0 11 0 0
48 22 0 0 0 0 0 11 0 0
50 22 0 0 11 0 0 0 0 0
51 33 0 0 33 0 0 0 0 0
fn=_dl_new_object
59 143 1 1 0 0 0 99 3 3
62 33 1 1 0 0 0 11 0 0
64 2 1 1 0 0 0 0 0 0
65 6 0 0 0 0 0 0 0 0
69 2 0 0 0 0 0 0 0 0
74 1 0 0 0 0 0 0 0 0
77 90 0 0 10 0 0 10 0 0
89 55 1 1 0 0 0 33 0 0
92 22 0 0 0 0 0 0 0 0
95 11 0 0 0 0 0 11 10 10
96 33 0 0 11 0 0 11 11 11
100 22 1 1 0 0 0 11 2 2
101 88 0 0 22 0 0 33 5 5
103 11 0 0 0 0 0 11 0 0
116 75 0 0 33 0 0 0 0 0
122 1 0 0 0 0 0 0 0 0
124 77 1 1 22 11 11 22 0 0
127 22 0 0 11 0 0 0 0 0
128 22 1 1 0 0 0 11 11 11
129 11 0 0 0 0 0 11 0 0
133 11 0 0 0 0 0 11 0 0
136 98 2 2 10 0 0 0 0 0
138 16 0 0 0 0 0 16 4 4
146 22 0 0 0 0 0 11 3 3
147 11 1 1 0 0 0 11 11 11
150 1 0 0 0 0 0 0 0 0
152 66 0 0 11 0 0 0 0 0
154 40 0 0 0 0 0 10 5 5
157 24 1 1 0 0 0 0 0 0
161 76 0 0 19 0 0 0 0 0
165 50 0 0 0 0 0 0 0 0
167 1 1 1 0 0 0 0 0 0
173 1 0 0 0 0 0 1 1 1
176 22 0 0 0 0 0 11 0 0
186 33 0 0 0 0 0 11 0 0
188 50 1 1 10 0 0 20 0 0
192 40 0 0 10 0 0 0 0 0
196 30 0 0 0 0 0 10 0 0
197 40 0 0 0 0 0 0 0 0
205 10 0 0 0 0 0 0 0 0
209 10 0 0 0 0 0 0 0 0
242 40 1 1 20 0 0 10 0 0
247 306 0 0 0 0 0 0 0 0
248 306 0 0 153 0 0 0 0 0
250 20 0 0 0 0 0 0 0 0
253 10 0 0 0 0 0 10 0 0
256 10 0 0 0 0 0 10 2 2
260 99 1 1 77 0 0 0 0 0
fl=/build/glibc-SzIz7B/glibc-2.31/elf/dl-tunables.c
fn=__GI___tunables_init
67 280 1 1 56 0 0 0 0 0
70 110 0 0 0 0 0 0 0 0
73 4585 1 1 655 30 30 0 0 0
77 110 0 0 0 0 0 0 0 0
82 330 0 0 0 0 0 55 1 1
278 5 0 0 1 0 0 0 0 0
287 9 1 1 0 0 0 6 0 0
310 5720 1 1 0 0 0 0 0 0
316 7150 1 1 2860 0 0 0 0 0
328 220 0 0 55 0 0 0 0 0
362 8 0 0 7 0 0 0 0 0
fn=__tunable_get_val
368 15 1 1 0 0 0 0 0 0
371 144 0 0 15 0 0 0 0 0
380 15 1 1 15 0 0 0 0 0
390 15 1 1 0 0 0 15 0 0
391 15 0 0 0 0 0 0 0 0
397 75 0 0 15 0 0 0 0 0
399 15 0 0 15 0 0 0 0 0
fl=/build/glibc-SzIz7B/glibc-2.31/elf/dl-tunables.h
fn=__GI___tunables_init
119 3759 1 1 1103 9 9 0 0 0
120 2206 0 0 0 0 0 0 0 0
fl=/build/glibc-SzIz7B/glibc-2.31/elf/do-rel.h
fn=_dl_start
83 1 0 0 1 0 0 0 0 0
84 1 0 0 1 0 0 0 0 0
111 129 0 0 0 0 0 0 0 0
112 84 0 0 42 6 6 0 0 0
116 2 0 0 1 0 0 0 0 0
124 29 0 0 0 0 0 0 0 0
136 27 1 1 9 2 2 0 0 0
137 18 0 0 0 0 0 0 0 0
139 18 0 0 9 0 0 0 0 0
fl=/build/glibc-SzIz7B/glibc-2.31/elf/get-dynamic-info.h
fn=_dl_map_object_from_fd
42 10 0 0 0 0 0 0 0 0
46 10 0 0 0 0 0 0 0 0
48 813 1 1 271 75 75 0 0 0
50 522 1 1 0 0 0 0 0 0
63 230 0 0 0 0 0 0 0 0
64 155 0 0 0 0 0 45 22 22
65 50 0 0 0 0 0 0 0 0
67 10 0 0 0 0 0 0 0 0
68 50 1 1 0 0 0 0 0 0
69 10 0 0 0 0 0 0 0 0
71 50 0 0 0 0 0 0 0 0
72 40 0 0 0 0 0 0 0 0
73 432 0 0 0 0 0 216 40 40
74 261 0 0 0 0 0 0 0 0
81 20 0 0 0 0 0 0 0 0
101 33 0 0 13 0 0 0 0 0
102 40 1 1 20 0 0 0 0 0
103 40 0 0 20 0 0 0 0 0
104 40 0 0 20 0 0 0 0 0
106 40 0 0 20 0 0 0 0 0
111 40 0 0 20 0 0 0 0 0
112 38 1 1 18 2 2 0 0 0
113 40 0 0 20 0 0 0 0 0
118 30 0 0 10 0 0 0 0 0
123 20 0 0 10 0 0 0 0 0
130 20 1 1 10 0 0 0 0 0
131 30 0 0 20 0 0 0 0 0
149 30 0 0 10 0 0 0 0 0
154 10 0 0 5 0 0 5 1 1
156 10 0 0 0 0 0 0 0 0
157 2 0 0 0 0 0 2 0 0
158 10 0 0 0 0 0 0 0 0
160 10 0 0 0 0 0 0 0 0
163 30 1 1 10 0 0 0 0 0
165 3 0 0 1 0 0 1 0 0
166 2 0 0 0 0 0 0 0 0
175 2 1 1 1 0 0 0 0 0
180 2 0 0 0 0 0 0 0 0
183 20 0 0 10 0 0 0 0 0
fn=_dl_start
48 57 1 1 19 6 6 0 0 0
50 36 1 1 0 0 0 0 0 0
63 21 0 0 0 0 0 0 0 0
64 14 0 0 0 0 0 4 2 2
65 5 1 1 0 0 0 0 0 0
67 1 0 0 0 0 0 0 0 0
68 5 1 1 0 0 0 0 0 0
69 1 0 0 0 0 0 0 0 0
71 5 1 1 0 0 0 0 0 0
72 4 0 0 0 0 0 0 0 0
73 16 0 0 0 0 0 14 5 5
74 18 0 0 0 0 0 0 0 0
81 2 0 0 0 0 0 0 0 0
101 4 1 1 2 0 0 0 0 0
102 4 0 0 2 0 0 0 0 0
103 4 0 0 2 0 0 0 0 0
104 4 0 0 2 0 0 0 0 0
106 4 1 1 2 0 0 0 0 0
111 4 0 0 2 0 0 0 0 0
112 4 0 0 2 0 0 0 0 0
113 4 0 0 2 0 0 0 0 0
118 3 1 1 1 0 0 0 0 0
123 2 0 0 1 0 0 0 0 0
130 3 0 0 1 0 0 0 0 0
131 3 0 0 2 0 0 0 0 0
139 3 0 0 1 0 0 0 0 0
142 3 1 1 1 1 1 0 0 0
146 2 0 0 1 0 0 0 0 0
147 2 1 1 1 0 0 0 0 0
fn=dl_main
33 1 0 0 1 0 0 0 0 0
42 2 0 0 0 0 0 0 0 0
46 1 0 0 0 0 0 0 0 0
48 87 0 0 29 8 8 0 0 0
50 56 0 0 0 0 0 0 0 0
63 25 0 0 0 0 0 0 0 0
64 17 0 0 0 0 0 5 2 2
65 5 0 0 0 0 0 0 0 0
68 5 0 0 0 0 0 0 0 0
69 1 1 1 0 0 0 0 0 0
71 5 0 0 0 0 0 0 0 0
72 5 0 0 0 0 0 0 0 0
73 23 0 0 0 0 0 23 4 4
74 28 1 1 0 0 0 0 0 0
81 3 0 0 1 0 0 0 0 0
101 3 0 0 1 0 0 0 0 0
102 4 0 0 2 0 0 0 0 0
103 4 0 0 2 0 0 0 0 0
104 4 1 1 2 0 0 0 0 0
106 4 0 0 2 0 0 0 0 0
111 4 0 0 2 0 0 0 0 0
112 4 0 0 2 0 0 0 0 0
113 4 1 1 2 0 0 0 0 0
118 3 0 0 1 0 0 0 0 0
123 2 0 0 1 0 0 0 0 0
130 2 0 0 1 0 0 0 0 0
131 3 0 0 2 0 0 0 0 0
149 3 0 0 1 0 0 0 0 0
154 2 1 1 1 0 0 1 0 0
156 2 0 0 0 0 0 0 0 0
158 2 0 0 0 0 0 0 0 0
160 2 0 0 0 0 0 0 0 0
161 2 1 1 0 0 0 1 0 0
163 3 0 0 1 0 0 0 0 0
165 3 1 1 1 0 0 1 0 0
166 2 0 0 0 0 0 0 0 0
175 2 0 0 1 0 0 0 0 0
180 2 0 0 0 0 0 0 0 0
181 3 0 0 1 0 0 1 0 0
183 2 0 0 1 0 0 0 0 0
fl=/build/glibc-SzIz7B/glibc-2.31/elf/rtld.c
fn=_dl_start
66 8 0 0 0 0 0 2 1 1
430 2 0 0 0 0 0 1 1 1
431 2 1 1 0 0 0 1 0 0
432 2 0 0 0 0 0 1 0 0
433 2 0 0 0 0 0 1 1 1
434 2 0 0 0 0 0 1 0 0
443 1 0 0 0 0 0 1 0 0
449 3 0 0 0 0 0 1 0 0
463 10 2 2 0 0 0 6 1 1
504 1 0 0 0 0 0 1 0 0
507 1 0 0 0 0 0 1 1 1
518 2 0 0 0 0 0 0 0 0
523 25 2 2 9 0 0 0 0 0
525 1 0 0 1 1 1 0 0 0
fn=dl_main
66 8 3 3 0 0 0 0 0 0
73 3 0 0 0 0 0 0 0 0
82 3 0 0 1 0 0 0 0 0
1090 14 2 2 0 0 0 8 2 2
1096 1 0 0 0 0 0 0 0 0
1099 1 0 0 0 0 0 1 0 0
1102 2 0 0 0 0 0 1 1 1
1106 6 0 0 0 0 0 1 1 1
1112 2 1 1 0 0 0 1 1 1
1122 3 0 0 1 0 0 0 0 0
1330 8 1 1 0 0 0 1 0 0
1332 2 0 0 0 0 0 0 0 0
1333 1 1 1 0 0 0 1 1 1
1334 2 0 0 1 0 0 1 0 0
1335 2 0 0 1 0 0 1 0 0
1339 3 0 0 0 0 0 1 0 0
1340 2 0 0 1 0 0 0 0 0
1362 1 0 0 0 0 0 1 0 0
1364 2 1 1 1 1 1 1 0 0
1366 1 0 0 1 0 0 0 0 0
1369 47 3 3 14 0 0 1 0 0
1370 116 2 2 22 7 7 0 0 0
1374 3 1 1 1 0 0 1 0 0
1379 3 0 0 2 0 0 1 0 0
1388 2 0 0 0 0 0 1 1 1
1389 2 0 0 2 1 1 0 0 0
1391 1 0 0 0 0 0 1 0 0
1398 3 2 2 1 0 0 0 0 0
1410 3 0 0 0 0 0 1 0 0
1416 1 0 0 0 0 0 0 0 0
1424 8 0 0 4 0 0 0 0 0
1425 17 1 1 9 1 1 1 0 0
1426 8 1 1 4 0 0 0 0 0
1427 1 0 0 0 0 0 1 0 0
1430 8 0 0 4 3 3 0 0 0
1431 8 0 0 4 0 0 0 0 0
1432 4 0 0 0 0 0 4 0 0
1433 10 0 0 5 0 0 0 0 0
1434 1 0 0 0 0 0 1 0 0
1461 2 1 1 1 0 0 1 0 0
1465 4 0 0 2 0 0 1 1 1
1478 7 1 1 4 1 1 0 0 0
1481 2 0 0 0 0 0 0 0 0
1483 2 1 1 0 0 0 0 0 0
1485 3 0 0 1 0 0 0 0 0
1498 3 0 0 1 0 0 0 0 0
1499 5 0 0 1 0 0 1 0 0
1501 3 0 0 3 0 0 0 0 0
1504 1 0 0 0 0 0 1 0 0
1506 1 1 1 0 0 0 1 1 1
1507 1 0 0 0 0 0 1 0 0
1509 2 0 0 1 0 0 0 0 0
1510 2 0 0 0 0 0 1 0 0
1514 2 0 0 1 0 0 0 0 0
1516 2 1 1 1 0 0 0 0 0
1521 2 1 1 0 0 0 1 0 0
1524 2 0 0 1 0 0 0 0 0
1549 10 0 0 1 0 0 2 0 0
1554 2 1 1 1 0 0 1 0 0
1557 4 0 0 1 0 0 2 0 0
1559 1 0 0 0 0 0 1 0 0
1564 2 1 1 1 0 0 0 0 0
1567 4 1 1 2 0 0 1 0 0
1568 4 0 0 1 0 0 1 0 0
1569 2 0 0 1 0 0 1 0 0
1570 1 0 0 0 0 0 1 0 0
1571 1 0 0 1 0 0 0 0 0
1572 1 1 1 1 0 0 0 0 0
1577 2 0 0 1 0 0 0 0 0
1578 6 0 0 1 0 0 1 0 0
1595 2 0 0 1 1 1 0 0 0
1596 2 0 0 1 0 0 0 0 0
1598 2 1 1 1 0 0 0 0 0
1600 1 0 0 0 0 0 1 0 0
1601 3 0 0 1 0 0 1 0 0
1606 5 1 1 0 0 0 0 0 0
1607 5 0 0 1 1 1 0 0 0
1609 4 1 1 2 1 1 1 1 1
1615 2 0 0 1 1 1 0 0 0
1620 1 0 0 0 0 0 1 0 0
1621 3 0 0 1 0 0 0 0 0
1622 4 1 1 1 0 0 1 0 0
1640 2 0 0 0 0 0 2 0 0
1648 3 0 0 1 0 0 0 0 0
1651 2 0 0 1 0 0 1 0 0
1655 3 0 0 1 0 0 0 0 0
1660 2 1 1 1 0 0 1 0 0
1661 1 0 0 0 0 0 1 0 0
1662 1 0 0 0 0 0 0 0 0
1666 3 0 0 1 0 0 0 0 0
1682 3 0 0 2 0 0 0 0 0
1684 1 0 0 0 0 0 0 0 0
1686 2 1 1 1 0 0 0 0 0
1690 5 0 0 1 0 0 1 0 0
1694 2 0 0 1 0 0 0 0 0
1709 5 0 0 0 0 0 1 0 0
1785 4 0 0 2 0 0 0 0 0
1789 20 3 3 1 0 0 0 0 0
1790 1 0 0 0 0 0 0 0 0
1793 6 0 0 0 0 0 2 0 0
1794 2 0 0 2 0 0 0 0 0
1795 4 0 0 0 0 0 0 0 0
1796 2 0 0 0 0 0 0 0 0
1805 8 0 0 1 0 0 1 0 0
2533 2 0 0 1 0 0 1 1 1
2535 1 0 0 0 0 0 1 0 0
2536 1 1 1 0 0 0 0 0 0
2540 6 0 0 1 0 0 1 0 0
2542 17 0 0 3 0 0 4 1 1
2544 2 0 0 0 0 0 0 0 0
2546 105 0 0 21 0 0 0 0 0
2547 19 1 1 0 0 0 0 0 0
2555 12 0 0 2 1 1 0 0 0
2576 2 1 1 1 0 0 0 0 0
2583 6 1 1 3 0 0 0 0 0
2585 2 1 1 0 0 0 1 1 1
2586 1 0 0 0 0 0 0 0 0
2631 3 1 1 1 0 0 0 0 0
2632 5 2 2 2 0 0 0 0 0
2634 2 0 0 0 0 0 1 1 1
2635 1 0 0 0 0 0 0 0 0
2704 3 0 0 1 0 0 0 0 0
2736 3 1 1 1 0 0 0 0 0
fn=handle_preload_list
168 6 0 0 2 0 0 0 0 0
770 2 0 0 0 0 0 2 1 1
774 2 0 0 0 0 0 2 0 0
775 2 0 0 0 0 0 2 0 0
776 2 0 0 0 0 0 2 0 0
778 2 0 0 2 0 0 0 0 0
780 12 1 1 0 0 0 2 0 0
781 6 0 0 2 0 0 0 0 0
789 8 0 0 2 0 0 0 0 0
858 10 1 1 1 1 1 6 0 0
859 1 1 1 0 0 0 0 0 0
863 9 0 0 3 0 0 0 0 0
866 8 0 0 0 0 0 2 1 1
867 6 0 0 0 0 0 0 0 0
869 10 1 1 0 0 0 2 0 0
870 4 0 0 0 0 0 2 1 1
876 2 1 1 0 0 0 0 0 0
878 4 0 0 2 0 0 0 0 0
880 4 0 0 2 0 0 0 0 0
884 9 0 0 7 0 0 0 0 0
fn=map_doit
606 6 1 1 0 0 0 2 0 0
608 8 0 0 2 0 0 0 0 0
609 12 0 0 4 0 0 4 0 0
611 4 0 0 4 0 0 0 0 0
fn=rtld_lock_default_lock_recursive
801 11 1 1 0 0 0 0 0 0
802 11 0 0 11 1 1 0 0 0
803 11 0 0 11 0 0 0 0 0
fn=rtld_lock_default_unlock_recursive
807 11 0 0 0 0 0 0 0 0
808 11 0 0 11 0 0 0 0 0
809 11 0 0 11 0 0 0 0 0
fl=/build/glibc-SzIz7B/glibc-2.31/io/../sysdeps/unix/sysv/linux/access.c
fn=access
25 1 1 1 0 0 0 0 0 0
27 7 0 0 0 0 0 1 0 0
31 1 0 0 1 0 0 0 0 0
fl=/build/glibc-SzIz7B/glibc-2.31/io/../sysdeps/unix/sysv/linux/close_nocancel.c
fn=__GI___close_nocancel
25 11 1 1 0 0 0 0 0 0
26 44 0 0 0 0 0 0 0 0
27 11 0 0 11 0 0 0 0 0
fl=/build/glibc-SzIz7B/glibc-2.31/io/../sysdeps/unix/sysv/linux/open64_nocancel.c
fn=__open_nocancel
34 528 2 2 0 0 0 132 2 2
37 924 0 0 0 0 0 0 0 0
45 1282 1 1 0 0 0 120 0 0
47 131 0 0 131 0 0 0 0 0
fl=/build/glibc-SzIz7B/glibc-2.31/io/../sysdeps/unix/sysv/linux/pread64_nocancel.c
fn=__pread64_nocancel
29 12 1 1 0 0 0 0 0 0
30 24 0 0 0 0 0 0 0 0
31 6 0 0 6 0 0 0 0 0
fl=/build/glibc-SzIz7B/glibc-2.31/io/../sysdeps/unix/sysv/linux/read_nocancel.c
fn=__read_nocancel
25 10 1 1 0 0 0 0 0 0
26 40 0 0 0 0 0 0 0 0
27 10 0 0 10 0 0 0 0 0
fl=/build/glibc-SzIz7B/glibc-2.31/io/../sysdeps/unix/sysv/linux/wordsize-64/fxstat.c
fn=_fxstat
33 44 1 1 0 0 0 0 0 0
34 22 0 0 0 0 0 0 0 0
35 44 1 1 0 0 0 0 0 0
39 11 0 0 11 0 0 0 0 0
fl=/build/glibc-SzIz7B/glibc-2.31/io/../sysdeps/unix/sysv/linux/wordsize-64/xstat.c
fn=_xstat
33 256 1 1 0 0 0 0 0 0
34 128 0 0 0 0 0 0 0 0
35 480 0 0 56 0 0 56 0 0
39 8 0 0 8 0 0 0 0 0
fl=/build/glibc-SzIz7B/glibc-2.31/malloc/scratch_buffer_set_array_size.c
fn=__libc_scratch_buffer_set_array_size
30 45 1 1 0 0 0 27 0 0
31 18 1 1 0 0 0 0 0 0
34 18 0 0 0 0 0 0 0 0
35 18 0 0 0 0 0 0 0 0
45 18 0 0 9 0 0 0 0 0
46 9 0 0 0 0 0 0 0 0
63 36 1 1 36 0 0 0 0 0
fl=/build/glibc-SzIz7B/glibc-2.31/misc/../sysdeps/unix/syscall-template.S
fn=mprotect
78 5 1 1 0 0 0 0 0 0
79 1 0 0 1 0 0 0 0 0
fl=/build/glibc-SzIz7B/glibc-2.31/misc/../sysdeps/unix/sysv/linux/mmap64.c
fn=mmap
48 245 1 1 0 0 0 98 1 1
51 98 0 0 0 0 0 0 0 0
54 124 1 1 0 0 0 0 0 0
59 294 0 0 0 0 0 0 0 0
61 147 0 0 147 0 0 0 0 0
fl=/build/glibc-SzIz7B/glibc-2.31/posix/../sysdeps/unix/syscall-template.S
fn=uname
78 5 1 1 0 0 0 0 0 0
79 1 0 0 1 0 0 0 0 0
fl=/build/glibc-SzIz7B/glibc-2.31/setjmp/../sysdeps/x86_64/setjmp.S
fn=__sigsetjmp
30 22 1 1 0 0 0 0 0 0
32 22 0 0 0 0 0 22 1 1
41 22 0 0 0 0 0 0 0 0
42 44 1 1 22 0 0 0 0 0
43 22 0 0 0 0 0 22 0 0
47 22 0 0 0 0 0 22 0 0
48 22 0 0 0 0 0 22 0 0
49 22 0 0 0 0 0 22 0 0
50 22 0 0 0 0 0 22 0 0
51 22 0 0 0 0 0 0 0 0
53 44 0 0 22 0 0 0 0 0
55 22 0 0 0 0 0 22 0 0
56 22 0 0 22 0 0 0 0 0
57 22 0 0 0 0 0 0 0 0
59 44 0 0 22 0 0 0 0 0
61 22 1 1 0 0 0 22 0 0
69 22 0 0 0 0 0 0 0 0
72 22 0 0 0 0 0 0 0 0
73 22 0 0 0 0 0 22 1 1
80 22 0 0 0 0 0 0 0 0
81 22 0 0 22 0 0 0 0 0
fl=/build/glibc-SzIz7B/glibc-2.31/string/../sysdeps/x86_64/memcmp.S
fn=bcmp
23 1 1 1 0 0 0 0 0 0
28 1 0 0 0 0 0 0 0 0
29 1 0 0 0 0 0 0 0 0
30 1 1 1 0 0 0 0 0 0
31 1 0 0 0 0 0 0 0 0
32 1 0 0 0 0 0 0 0 0
33 1 0 0 0 0 0 0 0 0
34 1 0 0 0 0 0 0 0 0
35 1 0 0 0 0 0 0 0 0
38 1 0 0 0 0 0 0 0 0
39 1 0 0 0 0 0 0 0 0
40 1 0 0 1 0 0 0 0 0
41 1 0 0 1 0 0 0 0 0
42 1 0 0 0 0 0 0 0 0
43 1 0 0 0 0 0 0 0 0
44 1 0 0 0 0 0 0 0 0
45 1 0 0 0 0 0 0 0 0
46 1 0 0 0 0 0 0 0 0
48 1 1 1 0 0 0 0 0 0
49 1 0 0 0 0 0 0 0 0
58 1 0 0 0 0 0 0 0 0
59 1 0 0 0 0 0 0 0 0
60 1 0 0 1 0 0 0 0 0
61 1 0 0 1 0 0 0 0 0
62 1 0 0 0 0 0 0 0 0
63 1 0 0 0 0 0 0 0 0
102 1 1 1 0 0 0 0 0 0
103 1 0 0 0 0 0 0 0 0
118 1 0 0 0 0 0 0 0 0
119 1 0 0 1 0 0 0 0 0
fl=/build/glibc-SzIz7B/glibc-2.31/string/../sysdeps/x86_64/multiarch/../strchr.S
fn=index
23 41 1 1 0 0 0 0 0 0
24 41 0 0 0 0 0 0 0 0
25 41 0 0 0 0 0 0 0 0
26 41 0 0 0 0 0 0 0 0
27 41 1 1 0 0 0 0 0 0
28 41 0 0 0 0 0 0 0 0
29 41 0 0 0 0 0 0 0 0
30 41 0 0 0 0 0 0 0 0
31 41 0 0 0 0 0 0 0 0
32 41 0 0 41 6 6 0 0 0
33 41 0 0 0 0 0 0 0 0
34 41 0 0 0 0 0 0 0 0
35 41 0 0 0 0 0 0 0 0
36 41 0 0 0 0 0 0 0 0
37 41 0 0 0 0 0 0 0 0
38 41 0 0 0 0 0 0 0 0
39 41 0 0 0 0 0 0 0 0
40 41 0 0 0 0 0 0 0 0
41 27 0 0 0 0 0 0 0 0
45 27 0 0 0 0 0 0 0 0
46 27 0 0 0 0 0 0 0 0
47 27 0 0 27 0 0 0 0 0
48 27 0 0 0 0 0 0 0 0
50 27 0 0 27 0 0 0 0 0
54 14 1 1 14 0 0 0 0 0
55 14 0 0 0 0 0 0 0 0
56 14 0 0 0 0 0 0 0 0
57 14 0 0 0 0 0 0 0 0
58 14 0 0 0 0 0 0 0 0
59 14 0 0 0 0 0 0 0 0
60 14 0 0 14 3 3 0 0 0
61 14 0 0 0 0 0 0 0 0
62 14 0 0 0 0 0 0 0 0
63 14 0 0 0 0 0 0 0 0
64 14 0 0 0 0 0 0 0 0
65 14 1 1 0 0 0 0 0 0
66 14 0 0 0 0 0 0 0 0
67 14 0 0 14 1 1 0 0 0
68 14 0 0 0 0 0 0 0 0
69 14 0 0 0 0 0 0 0 0
70 14 0 0 0 0 0 0 0 0
71 14 0 0 0 0 0 0 0 0
72 14 0 0 0 0 0 0 0 0
73 14 0 0 0 0 0 0 0 0
74 14 0 0 0 0 0 0 0 0
75 14 0 0 0 0 0 0 0 0
76 14 0 0 0 0 0 0 0 0
77 18 0 0 0 0 0 0 0 0
82 2 1 1 0 0 0 0 0 0
83 2 0 0 0 0 0 0 0 0
86 2 0 0 0 0 0 0 0 0
87 2 0 0 2 0 0 0 0 0
88 2 0 0 2 0 0 0 0 0
89 2 0 0 2 0 0 0 0 0
90 2 0 0 0 0 0 0 0 0
91 2 0 0 2 0 0 0 0 0
92 2 0 0 0 0 0 0 0 0
93 2 0 0 0 0 0 0 0 0
94 2 0 0 2 0 0 0 0 0
95 2 0 0 0 0 0 0 0 0
96 2 0 0 2 0 0 0 0 0
97 2 0 0 2 0 0 0 0 0
98 2 1 1 0 0 0 0 0 0
99 2 0 0 2 0 0 0 0 0
100 2 0 0 0 0 0 0 0 0
101 2 0 0 0 0 0 0 0 0
102 2 0 0 0 0 0 0 0 0
103 2 0 0 0 0 0 0 0 0
105 2 0 0 0 0 0 0 0 0
106 2 0 0 0 0 0 0 0 0
108 2 0 0 2 0 0 0 0 0
109 2 0 0 0 0 0 0 0 0
110 2 0 0 0 0 0 0 0 0
111 2 0 0 0 0 0 0 0 0
112 2 0 0 0 0 0 0 0 0
113 2 0 0 0 0 0 0 0 0
114 2 0 0 0 0 0 0 0 0
115 2 0 0 0 0 0 0 0 0
117 2 0 0 0 0 0 0 0 0
118 2 0 0 0 0 0 0 0 0
119 2 0 0 0 0 0 0 0 0
120 2 0 0 0 0 0 0 0 0
121 2 0 0 0 0 0 0 0 0
122 2 0 0 0 0 0 0 0 0
123 2 0 0 0 0 0 0 0 0
124 2 0 0 0 0 0 0 0 0
125 2 0 0 0 0 0 0 0 0
126 2 0 0 0 0 0 0 0 0
129 14 1 1 0 0 0 0 0 0
133 14 0 0 0 0 0 0 0 0
134 14 0 0 0 0 0 0 0 0
135 14 0 0 14 0 0 0 0 0
136 14 0 0 0 0 0 0 0 0
138 14 0 0 14 0 0 0 0 0
fl=/build/glibc-SzIz7B/glibc-2.31/string/../sysdeps/x86_64/multiarch/../strlen.S
fn=strlen
41 66 1 1 0 0 0 0 0 0
79 66 0 0 0 0 0 0 0 0
80 66 0 0 0 0 0 0 0 0
81 66 0 0 0 0 0 0 0 0
82 66 0 0 0 0 0 0 0 0
83 66 0 0 0 0 0 0 0 0
84 66 0 0 0 0 0 0 0 0
85 66 1 1 0 0 0 0 0 0
87 66 0 0 0 0 0 0 0 0
89 66 0 0 0 0 0 0 0 0
120 66 0 0 66 3 3 0 0 0
121 66 0 0 0 0 0 0 0 0
122 66 0 0 0 0 0 0 0 0
123 66 0 0 0 0 0 0 0 0
124 66 0 0 0 0 0 0 0 0
125 21 0 0 0 0 0 0 0 0
127 21 0 0 21 0 0 0 0 0
131 45 0 0 0 0 0 0 0 0
132 45 0 0 45 0 0 0 0 0
133 45 0 0 45 3 3 0 0 0
134 45 0 0 45 2 2 0 0 0
135 45 0 0 0 0 0 0 0 0
136 45 0 0 0 0 0 0 0 0
137 45 0 0 0 0 0 0 0 0
138 45 1 1 0 0 0 0 0 0
139 45 0 0 0 0 0 0 0 0
140 45 0 0 0 0 0 0 0 0
141 45 0 0 0 0 0 0 0 0
142 45 0 0 0 0 0 0 0 0
147 348 0 0 39 0 0 0 0 0
221 7 1 1 7 1 1 0 0 0
222 7 0 0 7 0 0 0 0 0
223 7 0 0 7 0 0 0 0 0
224 7 0 0 7 0 0 0 0 0
225 7 0 0 0 0 0 0 0 0
226 7 0 0 0 0 0 0 0 0
227 7 0 0 0 0 0 0 0 0
228 7 0 0 0 0 0 0 0 0
230 2 1 1 0 0 0 0 0 0
232 2 0 0 2 1 1 0 0 0
233 2 0 0 2 0 0 0 0 0
234 2 0 0 2 0 0 0 0 0
235 2 0 0 2 0 0 0 0 0
236 2 0 0 0 0 0 0 0 0
237 2 0 0 0 0 0 0 0 0
238 2 0 0 0 0 0 0 0 0
239 2 0 0 0 0 0 0 0 0
240 1 0 0 0 0 0 0 0 0
244 5 0 0 0 0 0 0 0 0
246 6 0 0 0 0 0 0 0 0
247 84 1 1 24 0 0 0 0 0
249 6 0 0 0 0 0 0 0 0
250 6 0 0 0 0 0 0 0 0
251 6 0 0 0 0 0 0 0 0
253 6 0 0 6 0 0 0 0 0
fl=/build/glibc-SzIz7B/glibc-2.31/string/../sysdeps/x86_64/multiarch/memmove-vec-unaligned-erms.S
fn=memcpy
127 58 1 1 0 0 0 0 0 0
128 58 0 0 0 0 0 0 0 0
134 387 0 0 0 0 0 0 0 0
135 387 0 0 0 0 0 0 0 0
136 127 0 0 0 0 0 0 0 0
137 127 0 0 0 0 0 0 0 0
142 68 0 0 68 0 0 0 0 0
143 68 0 0 68 0 0 0 0 0
144 68 0 0 0 0 0 68 9 9
145 68 0 0 0 0 0 68 5 5
150 68 0 0 68 0 0 0 0 0
280 260 0 0 0 0 0 0 0 0
281 260 0 0 0 0 0 0 0 0
282 96 0 0 0 0 0 0 0 0
283 96 0 0 0 0 0 0 0 0
284 68 1 1 0 0 0 0 0 0
285 68 0 0 0 0 0 0 0 0
286 66 0 0 0 0 0 0 0 0
287 1 0 0 1 1 1 0 0 0
288 1 0 0 0 0 0 1 1 1
290 66 0 0 66 0 0 0 0 0
312 164 0 0 164 0 0 0 0 0
313 164 0 0 164 0 0 0 0 0
314 164 0 0 0 0 0 164 8 8
315 164 0 0 0 0 0 164 0 0
316 164 0 0 164 0 0 0 0 0
319 28 0 0 28 0 0 0 0 0
320 28 0 0 28 0 0 0 0 0
321 28 0 0 0 0 0 28 0 0
322 28 0 0 0 0 0 28 0 0
323 28 0 0 28 0 0 0 0 0
326 2 0 0 2 1 1 0 0 0
327 2 0 0 2 0 0 0 0 0
328 2 0 0 0 0 0 2 1 1
329 2 0 0 0 0 0 2 0 0
330 2 0 0 2 0 0 0 0 0
340 59 1 1 0 0 0 0 0 0
341 59 0 0 0 0 0 0 0 0
342 58 0 0 0 0 0 0 0 0
343 58 0 0 0 0 0 0 0 0
345 14 0 0 14 0 0 0 0 0
346 14 0 0 14 0 0 0 0 0
347 14 0 0 14 0 0 0 0 0
348 14 0 0 14 0 0 0 0 0
349 14 0 0 14 0 0 0 0 0
350 14 0 0 14 0 0 0 0 0
351 14 0 0 14 0 0 0 0 0
352 14 0 0 14 0 0 0 0 0
353 14 0 0 0 0 0 14 3 3
354 14 0 0 0 0 0 14 2 2
355 14 0 0 0 0 0 14 1 1
356 14 0 0 0 0 0 14 1 1
357 14 0 0 0 0 0 14 1 1
358 14 0 0 0 0 0 14 0 0
359 14 0 0 0 0 0 14 0 0
360 14 0 0 0 0 0 14 0 0
362 14 0 0 14 0 0 0 0 0
365 44 0 0 44 0 0 0 0 0
366 44 0 0 44 0 0 0 0 0
367 44 0 0 44 0 0 0 0 0
368 44 0 0 44 0 0 0 0 0
369 44 0 0 0 0 0 44 9 9
370 44 0 0 0 0 0 44 5 5
371 44 0 0 0 0 0 44 2 2
372 44 0 0 0 0 0 44 0 0
374 44 0 0 44 0 0 0 0 0
377 1 1 1 0 0 0 0 0 0
378 1 0 0 0 0 0 0 0 0
380 1 0 0 0 0 0 0 0 0
383 1 1 1 1 0 0 0 0 0
384 1 0 0 1 0 0 0 0 0
385 1 0 0 1 0 0 0 0 0
386 1 0 0 1 0 0 0 0 0
387 1 0 0 1 0 0 0 0 0
389 1 0 0 0 0 0 0 0 0
390 1 0 0 0 0 0 0 0 0
393 1 0 0 0 0 0 0 0 0
394 1 0 0 0 0 0 0 0 0
396 1 0 0 0 0 0 0 0 0
398 1 0 0 0 0 0 0 0 0
400 1 0 0 0 0 0 0 0 0
402 1 0 0 0 0 0 0 0 0
410 3 0 0 3 0 0 0 0 0
411 3 0 0 3 0 0 0 0 0
412 3 0 0 3 0 0 0 0 0
413 3 1 1 3 0 0 0 0 0
414 3 0 0 0 0 0 0 0 0
415 3 0 0 0 0 0 0 0 0
416 3 0 0 0 0 0 3 0 0
417 3 0 0 0 0 0 3 0 0
418 3 0 0 0 0 0 3 0 0
419 3 0 0 0 0 0 3 0 0
420 3 0 0 0 0 0 0 0 0
421 3 0 0 0 0 0 0 0 0
422 3 0 0 0 0 0 0 0 0
424 1 0 0 0 0 0 1 0 0
425 1 0 0 0 0 0 1 0 0
426 1 0 0 0 0 0 1 0 0
427 1 0 0 0 0 0 1 0 0
429 1 0 0 0 0 0 1 0 0
431 1 0 0 1 0 0 0 0 0
fn=mempcpy
114 329 0 0 0 0 0 0 0 0
115 329 0 0 0 0 0 0 0 0
116 329 0 0 0 0 0 0 0 0
117 329 0 0 0 0 0 0 0 0
fl=/build/glibc-SzIz7B/glibc-2.31/string/../sysdeps/x86_64/multiarch/memset-vec-unaligned-erms.S
fn=memset
108 15 1 1 0 0 0 0 0 0
109 75 0 0 0 0 0 0 0 0
115 15 0 0 0 0 0 0 0 0
116 15 0 0 0 0 0 0 0 0
117 12 0 0 0 0 0 0 0 0
118 12 0 0 0 0 0 0 0 0
120 4 0 0 0 0 0 4 2 2
121 4 0 0 0 0 0 4 0 0
123 4 0 0 4 0 0 0 0 0
188 8 0 0 0 0 0 0 0 0
189 8 0 0 0 0 0 0 0 0
199 8 1 1 0 0 0 0 0 0
200 8 0 0 0 0 0 8 8 8
201 8 0 0 0 0 0 0 0 0
202 8 0 0 0 0 0 8 8 8
203 8 0 0 0 0 0 8 1 1
204 8 0 0 0 0 0 8 1 1
205 8 0 0 0 0 0 8 2 2
206 8 0 0 0 0 0 8 0 0
207 8 0 0 0 0 0 8 3 3
208 8 0 0 0 0 0 8 0 0
209 8 0 0 0 0 0 0 0 0
210 8 0 0 0 0 0 0 0 0
211 8 0 0 0 0 0 0 0 0
212 8 0 0 0 0 0 0 0 0
214 341 0 0 0 0 0 341 327 327
215 341 0 0 0 0 0 341 0 0
216 341 0 0 0 0 0 341 0 0
217 341 0 0 0 0 0 341 0 0
218 341 0 0 0 0 0 0 0 0
219 341 0 0 0 0 0 0 0 0
220 341 0 0 0 0 0 0 0 0
221 8 0 0 8 0 0 0 0 0
236 3 1 1 0 0 0 0 0 0
237 3 0 0 0 0 0 0 0 0
238 3 0 0 0 0 0 0 0 0
239 1 0 0 0 0 0 0 0 0
240 1 0 0 0 0 0 0 0 0
266 2 0 0 0 0 0 2 2 2
267 2 0 0 0 0 0 2 0 0
269 2 0 0 2 0 0 0 0 0
272 1 1 1 0 0 0 1 0 0
273 1 0 0 0 0 0 1 0 0
275 1 0 0 1 0 0 0 0 0
fl=/build/glibc-SzIz7B/glibc-2.31/string/../sysdeps/x86_64/strcmp.S
fn=strcmp
111 418 1 1 0 0 0 0 0 0
144 418 0 0 0 0 0 0 0 0
145 418 0 0 0 0 0 0 0 0
147 418 0 0 0 0 0 0 0 0
148 418 0 0 0 0 0 0 0 0
169 418 0 0 0 0 0 0 0 0
170 418 0 0 0 0 0 0 0 0
171 395 0 0 0 0 0 0 0 0
172 395 0 0 0 0 0 0 0 0
173 315 0 0 315 0 0 0 0 0
174 315 0 0 315 9 7 0 0 0
175 315 0 0 315 0 0 0 0 0
176 315 0 0 315 0 0 0 0 0
197 315 0 0 0 0 0 0 0 0
198 315 0 0 0 0 0 0 0 0
199 315 0 0 0 0 0 0 0 0
200 315 0 0 0 0 0 0 0 0
201 315 0 0 0 0 0 0 0 0
202 315 1 1 0 0 0 0 0 0
203 315 0 0 0 0 0 0 0 0
208 6 0 0 0 0 0 0 0 0
209 18 0 0 0 0 0 0 0 0
218 109 0 0 0 0 0 0 0 0
219 109 0 0 0 0 0 0 0 0
220 109 0 0 0 0 0 0 0 0
221 109 0 0 0 0 0 0 0 0
222 109 0 0 0 0 0 0 0 0
223 109 0 0 0 0 0 0 0 0
224 109 0 0 0 0 0 0 0 0
225 109 0 0 0 0 0 0 0 0
226 101 0 0 0 0 0 0 0 0
227 77 0 0 0 0 0 0 0 0
228 77 0 0 0 0 0 0 0 0
229 77 0 0 0 0 0 0 0 0
231 101 0 0 0 0 0 0 0 0
232 101 0 0 0 0 0 0 0 0
233 101 0 0 0 0 0 0 0 0
234 101 0 0 101 2 2 0 0 0
235 101 0 0 0 0 0 0 0 0
236 101 0 0 0 0 0 0 0 0
246 8 1 1 8 0 0 0 0 0
247 8 0 0 0 0 0 0 0 0
248 8 0 0 0 0 0 0 0 0
250 8 0 0 8 0 0 0 0 0
256 8 0 0 0 0 0 0 0 0
257 8 0 0 0 0 0 0 0 0
258 8 0 0 0 0 0 0 0 0
259 8 0 0 0 0 0 0 0 0
260 8 1 1 0 0 0 0 0 0
265 8 0 0 0 0 0 0 0 0
447 12 1 1 0 0 0 0 0 0
448 12 0 0 12 1 0 0 0 0
449 12 0 0 12 0 0 0 0 0
450 12 0 0 0 0 0 0 0 0
451 12 0 0 0 0 0 0 0 0
453 12 0 0 0 0 0 0 0 0
454 12 0 0 0 0 0 0 0 0
455 12 0 0 0 0 0 0 0 0
456 12 0 0 0 0 0 0 0 0
457 12 0 0 0 0 0 0 0 0
458 12 0 0 0 0 0 0 0 0
459 12 0 0 0 0 0 0 0 0
460 3 0 0 3 0 0 0 0 0
463 3 0 0 0 0 0 0 0 0
464 3 0 0 0 0 0 0 0 0
465 3 1 1 0 0 0 0 0 0
471 3 0 0 0 0 0 0 0 0
472 3 0 0 0 0 0 0 0 0
473 6 0 0 0 0 0 0 0 0
477 3 0 0 0 0 0 0 0 0
478 3 0 0 0 0 0 0 0 0
481 3 0 0 3 0 0 0 0 0
482 3 0 0 3 0 0 0 0 0
483 3 0 0 0 0 0 0 0 0
486 3 0 0 0 0 0 0 0 0
487 3 1 1 0 0 0 0 0 0
488 3 0 0 0 0 0 0 0 0
494 3 0 0 0 0 0 0 0 0
495 3 0 0 0 0 0 0 0 0
496 3 0 0 0 0 0 0 0 0
497 3 0 0 0 0 0 0 0 0
498 3 0 0 0 0 0 0 0 0
499 3 0 0 0 0 0 0 0 0
571 2 1 1 0 0 0 0 0 0
572 2 0 0 2 0 0 0 0 0
573 2 0 0 2 0 0 0 0 0
574 2 0 0 0 0 0 0 0 0
575 2 0 0 0 0 0 0 0 0
577 2 0 0 0 0 0 0 0 0
578 2 0 0 0 0 0 0 0 0
579 2 0 0 0 0 0 0 0 0
580 2 0 0 0 0 0 0 0 0
581 2 0 0 0 0 0 0 0 0
582 2 0 0 0 0 0 0 0 0
583 2 0 0 0 0 0 0 0 0
821 2 1 1 0 0 0 0 0 0
822 2 0 0 2 0 0 0 0 0
823 2 0 0 2 0 0 0 0 0
824 2 0 0 0 0 0 0 0 0
825 2 0 0 0 0 0 0 0 0
827 2 0 0 0 0 0 0 0 0
828 2 0 0 0 0 0 0 0 0
829 2 0 0 0 0 0 0 0 0
830 2 0 0 0 0 0 0 0 0
831 2 0 0 0 0 0 0 0 0
832 2 0 0 0 0 0 0 0 0
833 2 0 0 0 0 0 0 0 0
834 2 0 0 2 0 0 0 0 0
838 2 0 0 0 0 0 0 0 0
839 2 0 0 0 0 0 0 0 0
840 2 1 1 0 0 0 0 0 0
846 2 0 0 0 0 0 0 0 0
847 2 0 0 0 0 0 0 0 0
848 4 0 0 0 0 0 0 0 0
852 2 0 0 0 0 0 0 0 0
853 2 0 0 0 0 0 0 0 0
856 2 0 0 2 0 0 0 0 0
857 2 0 0 2 0 0 0 0 0
858 2 0 0 0 0 0 0 0 0
861 2 0 0 0 0 0 0 0 0
862 2 1 1 0 0 0 0 0 0
863 2 0 0 0 0 0 0 0 0
869 2 0 0 0 0 0 0 0 0
870 2 0 0 0 0 0 0 0 0
871 2 0 0 0 0 0 0 0 0
872 2 0 0 0 0 0 0 0 0
873 2 0 0 0 0 0 0 0 0
874 2 0 0 0 0 0 0 0 0
1071 3 1 1 0 0 0 0 0 0
1072 3 0 0 3 0 0 0 0 0
1073 3 0 0 3 1 0 0 0 0
1074 3 0 0 0 0 0 0 0 0
1075 3 0 0 0 0 0 0 0 0
1077 3 0 0 0 0 0 0 0 0
1078 3 0 0 0 0 0 0 0 0
1079 3 0 0 0 0 0 0 0 0
1080 3 0 0 0 0 0 0 0 0
1081 3 0 0 0 0 0 0 0 0
1082 3 0 0 0 0 0 0 0 0
1083 3 0 0 0 0 0 0 0 0
1196 22 1 1 0 0 0 0 0 0
1197 22 0 0 22 0 0 0 0 0
1198 22 0 0 22 0 0 0 0 0
1199 22 0 0 0 0 0 0 0 0
1200 22 0 0 0 0 0 0 0 0
1202 22 0 0 0 0 0 0 0 0
1203 22 0 0 0 0 0 0 0 0
1204 22 0 0 0 0 0 0 0 0
1205 22 0 0 0 0 0 0 0 0
1206 22 0 0 0 0 0 0 0 0
1207 22 0 0 0 0 0 0 0 0
1208 22 0 0 0 0 0 0 0 0
1209 1 0 0 1 0 0 0 0 0
1213 1 0 0 0 0 0 0 0 0
1214 1 0 0 0 0 0 0 0 0
1215 1 1 1 0 0 0 0 0 0
1221 1 0 0 0 0 0 0 0 0
1222 1 0 0 0 0 0 0 0 0
1223 2 0 0 0 0 0 0 0 0
1227 1 0 0 0 0 0 0 0 0
1228 1 0 0 0 0 0 0 0 0
1231 1 0 0 1 0 0 0 0 0
1232 1 0 0 1 0 0 0 0 0
1233 1 0 0 0 0 0 0 0 0
1236 1 0 0 0 0 0 0 0 0
1237 1 1 1 0 0 0 0 0 0
1238 1 0 0 0 0 0 0 0 0
1244 1 0 0 0 0 0 0 0 0
1245 1 0 0 0 0 0 0 0 0
1246 1 0 0 0 0 0 0 0 0
1247 1 0 0 0 0 0 0 0 0
1248 1 0 0 0 0 0 0 0 0
1249 1 0 0 0 0 0 0 0 0
1321 5 1 1 0 0 0 0 0 0
1322 5 0 0 5 0 0 0 0 0
1323 5 0 0 5 0 0 0 0 0
1324 5 0 0 0 0 0 0 0 0
1325 5 0 0 0 0 0 0 0 0
1327 5 0 0 0 0 0 0 0 0
1328 5 0 0 0 0 0 0 0 0
1329 5 0 0 0 0 0 0 0 0
1330 5 0 0 0 0 0 0 0 0
1331 5 0 0 0 0 0 0 0 0
1332 5 0 0 0 0 0 0 0 0
1333 5 0 0 0 0 0 0 0 0
1446 10 1 1 0 0 0 0 0 0
1447 10 0 0 10 0 0 0 0 0
1448 10 0 0 10 1 1 0 0 0
1449 10 0 0 0 0 0 0 0 0
1450 10 0 0 0 0 0 0 0 0
1452 10 0 0 0 0 0 0 0 0
1453 10 0 0 0 0 0 0 0 0
1454 10 0 0 0 0 0 0 0 0
1455 10 0 0 0 0 0 0 0 0
1456 10 0 0 0 0 0 0 0 0
1457 10 0 0 0 0 0 0 0 0
1458 10 0 0 0 0 0 0 0 0
1459 1 0 0 1 0 0 0 0 0
1463 1 0 0 0 0 0 0 0 0
1464 1 0 0 0 0 0 0 0 0
1465 1 1 1 0 0 0 0 0 0
1471 1 0 0 0 0 0 0 0 0
1472 1 0 0 0 0 0 0 0 0
1473 2 0 0 0 0 0 0 0 0
1477 1 0 0 0 0 0 0 0 0
1478 1 0 0 0 0 0 0 0 0
1481 1 0 0 1 0 0 0 0 0
1482 1 0 0 1 0 0 0 0 0
1483 1 0 0 0 0 0 0 0 0
1486 1 0 0 0 0 0 0 0 0
1487 1 1 1 0 0 0 0 0 0
1488 1 0 0 0 0 0 0 0 0
1494 1 0 0 0 0 0 0 0 0
1495 1 0 0 0 0 0 0 0 0
1496 1 0 0 0 0 0 0 0 0
1497 1 0 0 0 0 0 0 0 0
1498 1 0 0 0 0 0 0 0 0
1499 1 0 0 0 0 0 0 0 0
1571 7 1 1 0 0 0 0 0 0
1572 7 0 0 7 1 0 0 0 0
1573 7 0 0 7 0 0 0 0 0
1574 7 0 0 0 0 0 0 0 0
1575 7 0 0 0 0 0 0 0 0
1577 7 0 0 0 0 0 0 0 0
1578 7 0 0 0 0 0 0 0 0
1579 7 0 0 0 0 0 0 0 0
1580 7 0 0 0 0 0 0 0 0
1581 7 0 0 0 0 0 0 0 0
1582 7 0 0 0 0 0 0 0 0
1583 7 0 0 0 0 0 0 0 0
1584 2 0 0 2 0 0 0 0 0
1588 2 0 0 0 0 0 0 0 0
1589 2 0 0 0 0 0 0 0 0
1590 2 1 1 0 0 0 0 0 0
1596 2 0 0 0 0 0 0 0 0
1597 2 0 0 0 0 0 0 0 0
1598 4 0 0 0 0 0 0 0 0
1602 2 0 0 0 0 0 0 0 0
1603 2 0 0 0 0 0 0 0 0
1606 2 0 0 2 0 0 0 0 0
1607 2 0 0 2 1 0 0 0 0
1608 2 0 0 0 0 0 0 0 0
1611 2 0 0 0 0 0 0 0 0
1612 2 1 1 0 0 0 0 0 0
1613 2 0 0 0 0 0 0 0 0
1619 2 0 0 0 0 0 0 0 0
1620 2 0 0 0 0 0 0 0 0
1621 2 0 0 0 0 0 0 0 0
1622 2 0 0 0 0 0 0 0 0
1623 2 0 0 0 0 0 0 0 0
1624 2 0 0 0 0 0 0 0 0
1696 2 1 1 0 0 0 0 0 0
1697 2 0 0 2 0 0 0 0 0
1698 2 0 0 2 1 1 0 0 0
1699 2 0 0 0 0 0 0 0 0
1700 2 0 0 0 0 0 0 0 0
1702 2 0 0 0 0 0 0 0 0
1703 2 0 0 0 0 0 0 0 0
1704 2 0 0 0 0 0 0 0 0
1705 2 0 0 0 0 0 0 0 0
1706 2 0 0 0 0 0 0 0 0
1707 2 0 0 0 0 0 0 0 0
1708 2 0 0 0 0 0 0 0 0
1821 26 1 1 0 0 0 0 0 0
1822 26 0 0 26 1 0 0 0 0
1823 26 0 0 26 1 1 0 0 0
1824 26 0 0 0 0 0 0 0 0
1825 26 0 0 0 0 0 0 0 0
1827 26 0 0 0 0 0 0 0 0
1828 26 0 0 0 0 0 0 0 0
1829 26 0 0 0 0 0 0 0 0
1830 26 0 0 0 0 0 0 0 0
1831 26 0 0 0 0 0 0 0 0
1832 26 0 0 0 0 0 0 0 0
1833 26 0 0 0 0 0 0 0 0
1946 7 1 1 0 0 0 0 0 0
1947 7 0 0 7 0 0 0 0 0
1948 7 0 0 7 0 0 0 0 0
1949 7 0 0 0 0 0 0 0 0
1950 7 0 0 0 0 0 0 0 0
1952 7 0 0 0 0 0 0 0 0
1953 7 0 0 0 0 0 0 0 0
1954 7 0 0 0 0 0 0 0 0
1955 7 0 0 0 0 0 0 0 0
1956 7 0 0 0 0 0 0 0 0
1957 7 0 0 0 0 0 0 0 0
1958 7 0 0 0 0 0 0 0 0
2071 3 1 1 0 0 0 0 0 0
2072 3 0 0 3 0 0 0 0 0
2073 3 0 0 3 0 0 0 0 0
2074 3 0 0 0 0 0 0 0 0
2075 3 0 0 0 0 0 0 0 0
2077 3 0 0 0 0 0 0 0 0
2078 3 0 0 0 0 0 0 0 0
2079 3 0 0 0 0 0 0 0 0
2080 3 0 0 0 0 0 0 0 0
2081 3 0 0 0 0 0 0 0 0
2082 3 0 0 0 0 0 0 0 0
2083 3 0 0 0 0 0 0 0 0
2200 9 0 0 0 0 0 0 0 0
2202 109 0 0 0 0 0 0 0 0
2203 109 0 0 0 0 0 0 0 0
2204 109 0 0 0 0 0 0 0 0
2205 109 0 0 0 0 0 0 0 0
2206 154 0 0 0 0 0 0 0 0
2211 418 1 1 0 0 0 0 0 0
2217 418 0 0 418 0 0 0 0 0
2218 418 0 0 418 0 0 0 0 0
2226 418 0 0 0 0 0 0 0 0
2227 418 0 0 418 0 0 0 0 0
fl=/build/glibc-SzIz7B/glibc-2.31/string/../sysdeps/x86_64/strcspn.S
fn=strcspn
28 2 1 1 0 0 0 0 0 0
30 2 0 0 0 0 0 0 0 0
37 2 0 0 0 0 0 0 0 0
38 2 0 0 0 0 0 0 0 0
40 2 0 0 0 0 0 0 0 0
41 2 0 0 0 0 0 0 0 0
42 2 0 0 0 0 0 0 0 0
43 2 0 0 0 0 0 0 0 0
44 66 0 0 0 0 0 64 4 4
47 6 0 0 0 0 0 0 0 0
54 2 1 1 2 1 1 0 0 0
55 2 0 0 0 0 0 0 0 0
56 2 0 0 0 0 0 0 0 0
57 2 0 0 0 0 0 2 0 0
59 2 0 0 2 0 0 0 0 0
60 2 0 0 0 0 0 0 0 0
61 2 0 0 0 0 0 0 0 0
62 2 0 0 0 0 0 2 0 0
64 2 0 0 2 0 0 0 0 0
65 2 0 0 0 0 0 0 0 0
66 2 0 0 0 0 0 0 0 0
75 6 0 0 0 0 0 0 0 0
87 27 1 1 0 0 0 0 0 0
89 27 0 0 27 1 1 0 0 0
90 27 0 0 27 0 0 0 0 0
91 27 0 0 0 0 0 0 0 0
93 25 0 0 25 0 0 0 0 0
94 25 0 0 25 0 0 0 0 0
95 25 0 0 0 0 0 0 0 0
97 25 0 0 25 0 0 0 0 0
98 25 0 0 25 0 0 0 0 0
99 25 0 0 0 0 0 0 0 0
101 25 0 0 25 0 0 0 0 0
102 25 0 0 25 0 0 0 0 0
103 25 0 0 0 0 0 0 0 0
109 2 0 0 0 0 0 0 0 0
116 2 0 0 0 0 0 0 0 0
120 2 0 0 2 0 0 0 0 0
fl=/build/glibc-SzIz7B/glibc-2.31/string/strdup.c
fn=strdup
40 90 1 1 0 0 0 36 0 0
41 36 0 0 0 0 0 18 0 0
42 36 0 0 0 0 0 18 0 0
44 36 0 0 0 0 0 0 0 0
47 72 0 0 0 0 0 0 0 0
48 54 0 0 36 0 0 0 0 0
fl=???
fn=???
0 224 3 3 111 0 0 1 1 1
summary: 128075 519 519 27000 520 411 10460 693 693
